-7112	-24308	14072	
-7460	-23912	14172	
-7136	-22280	15392	
-7120	-21332	15992	
-7884	-20552	15148	
-7460	-19788	15564	
-7616	-18852	15156	
-7696	-18036	15016	
-7228	-17236	14704	
-6156	-16652	14760	
-6356	-16568	14940	
-6356	-14600	14288	
-5576	-14232	14356	
-7312	-13960	14684	
-6512	-15812	15512	
-4888	-14376	14336	
-6448	-13800	13588	
-4912	-13568	13988	
-2136	-13244	13984	
-3844	-13932	13136	
-5088	-13992	12696	
-4756	-13020	12288	
-5904	-11832	11356	
-5392	-12056	10692	
-6916	-12036	10616	
-7112	-12352	10716	
-7132	-12764	11008	
-7012	-12724	10552	
-6648	-12972	10000	
-6348	-13028	9932	
-5980	-13472	10076	
-6804	-13476	9944	
-6252	-14136	9744	
-6324	-14272	9160	
-5656	-13984	8664	
-5396	-14236	8076	
-5220	-14240	7728	
-4800	-14768	7996	
-4388	-13036	6424	
-5724	-14064	7384	
-3228	-12800	6152	
-2696	-13716	5780	
-3228	-13384	6348	
-4096	-12652	7104	
-4680	-12904	7216	
-4804	-13116	7304	
-3636	-12992	6656	
-4596	-12836	6428	
-4908	-12224	6660	
-5484	-12180	6256	
-5488	-12220	6316	
-5388	-12036	5800	
-4984	-11720	5604	
-5060	-11260	5388	
-5064	-11220	5252	
-5104	-11580	5800	
-5152	-11688	5816	
-5084	-11812	5908	
-5220	-11792	5768	
-5324	-11808	5920	
-5372	-12256	5928	
-5552	-12324	5700	
-5760	-12436	5544	
-5940	-12660	5324	
-5792	-12796	5184	
-5352	-12964	4800	
-5228	-13004	4560	
-5012	-12992	4388	
-4772	-13316	4288	
-4128	-13396	3876	
-3872	-13336	3744	
-3560	-13484	3652	
-3140	-13408	3280	
-2784	-13352	3436	
-2576	-13092	3500	
-2260	-13824	3592	
-2532	-13480	3072	
-2708	-12964	2280	
-2272	-13200	2864	
-2400	-12984	2708	
-2044	-13692	2560	
-2836	-13168	2640	
-3516	-13136	2400	
-3292	-13756	2344	
-3668	-13636	2156	
-4252	-13824	2048	
-4156	-13880	2092	
-4940	-14568	2116	
-5340	-14400	2228	
-4976	-14624	3092	
-5576	-14852	2988	
-5864	-14948	3040	
-5964	-15056	3056	
-6060	-15040	2916	
-5880	-15592	3164	
-5864	-15652	3580	
-5772	-15644	3864	
-6336	-15572	3776	
-6048	-15520	3956	
-5708	-16016	4204	
-6012	-15296	4476	
-5768	-16392	5180	
-5824	-15824	5140	
-5276	-14912	5044	
-5060	-15460	5604	
-5752	-15016	4984	
-5176	-15464	4764	
-5176	-15172	5004	
-4924	-15300	5272	
-5320	-15120	5244	
-5248	-15652	5928	
-5060	-14664	5920	
-4324	-16676	6924	
-4024	-14744	6996	
-5756	-14516	5780	
-5760	-14920	5592	
-5452	-15440	6208	
-4836	-14796	6556	
-4932	-14772	6568	
-4704	-15116	6772	
-5116	-14372	6888	
-4880	-14468	6860	
-4624	-14716	6788	
-4248	-14280	6864	
-4352	-14528	6820	
-4308	-13848	6488	
-3972	-14080	6872	
-4124	-13556	6520	
-4216	-13748	6516	
-4260	-13764	6324	
-4236	-13492	6300	
-4492	-13436	6168	
-4544	-13460	6080	
-4428	-13316	6024	
-4500	-13492	5928	
-4688	-13268	5528	
-4756	-13268	5868	
-4876	-13380	5884	
-4968	-13276	5712	
-5240	-13280	5728	
-5040	-13076	5856	
-5536	-13336	5152	
-5460	-13328	4876	
-5616	-13104	4920	
-5676	-13128	5028	
-5744	-13416	4916	
-5696	-13428	5164	
-6032	-13548	4832	
-5808	-13420	5156	
-5940	-13596	5164	
-5800	-13652	4996	
-5852	-13664	4856	
-5808	-13588	5092	
-5660	-13692	4984	
-5608	-13912	5340	
-5436	-13880	5500	
-5292	-13872	5540	
-5160	-13908	5732	
-5076	-13948	5728	
-5064	-13920	5876	
-5032	-13868	5980	
-4976	-13944	6132	
-4872	-13928	6056	
-4812	-13900	6248	
-4852	-13908	6244	
-4904	-13964	6480	
-5004	-13832	6752	
-5032	-14128	6876	
-5228	-14200	6956	
-5256	-14344	7200	
-5244	-14312	7276	
-5392	-14392	7508	
-5408	-14252	7680	
-5604	-14316	7404	
-5552	-14084	7396	
-5372	-14048	7400	
-5492	-14124	7468	
-5680	-14132	7508	
-5644	-13864	7356	
-5612	-13868	7408	
-5456	-13796	7440	
-5320	-13644	7512	
-5308	-13544	7408	
-5272	-13552	7448	
-5300	-13616	7408	
-5336	-13472	7336	
-5140	-13548	7376	
-5260	-13344	7384	
-5200	-13356	7224	
-5168	-13448	7236	
-5264	-13580	7568	
-5272	-13628	7356	
-5508	-13752	7368	
-5600	-13644	7408	
-5512	-13852	7504	
-5656	-13780	7296	
-5788	-13860	7248	
-5592	-13868	7372	
-5744	-13876	7508	
-5592	-13920	7416	
-5540	-13816	7452	
-5436	-13740	7340	
-5256	-13884	7540	
-5240	-13728	7192	
-5304	-13896	7300	
-5300	-13712	7268	
-5140	-13608	7240	
-5192	-13480	7240	
-5020	-13688	7180	
-5008	-13508	7208	
-5052	-13516	7224	
-5112	-13432	7284	
-5172	-13416	7308	
-5176	-13348	7256	
-5096	-13424	7536	
-5168	-13460	7400	
-5192	-13408	7532	
-5240	-13540	7300	
-5072	-13248	7244	
-5268	-13276	7436	
-5216	-13344	7332	
-5108	-13460	7536	
-5148	-13256	7464	
-5244	-13348	7268	
-5076	-13448	7596	
-5284	-13412	7388	
-5160	-13284	7468	
-4964	-13308	7320	
-5132	-13336	6988	
-5052	-13344	7004	
-5096	-13340	6948	
-5096	-13316	7056	
-5124	-13412	7264	
-5140	-13508	7372	
-5284	-13648	7372	
-5436	-13768	7316	
-5316	-13588	7344	
-5256	-13752	7544	
-5380	-13812	7644	
-5464	-13912	7656	
-5504	-13876	7752	
-5388	-13752	7768	
-5204	-13776	7968	
-5324	-13868	7864	
-5152	-13872	7744	
-5136	-13684	7728	
-5136	-13684	7796	
-5028	-13668	7664	
-5160	-13608	7652	
-5052	-13712	7816	
-5212	-13728	7856	
-5272	-13876	7916	
-5312	-13888	8020	
-5308	-13868	8048	
-5496	-13800	7820	
-5516	-13864	7832	
-5584	-13784	7972	
-5632	-13896	8224	
-5552	-13716	8076	
-5436	-13720	7988	
-5396	-13688	8232	
-5380	-13604	8320	
-5412	-13608	8340	
-5376	-13592	8248	
-5468	-13688	8588	
-5436	-13488	8244	
-5420	-13436	8224	
-5440	-13780	8280	
-5388	-13716	8472	
-5288	-13844	8456	
-5488	-13684	8380	
-5544	-13724	8272	
-5428	-13884	8232	
-5560	-13564	8060	
-5540	-13704	7864	
-5452	-14176	8192	
-4360	-13012	9340	
-5676	-14608	9080	
-5764	-14452	8392	
-5788	-14376	7976	
-5616	-14024	7728	
-5532	-13916	7540	
-5396	-13908	7492	
-5580	-14008	7512	
-5624	-14020	7648	
-5584	-14200	7664	
-5532	-13692	7464	
-5372	-13768	7072	
-5620	-13680	6804	
-5236	-13656	6604	
-5804	-13588	6540	
-5264	-13912	6528	
-5432	-13380	6508	
-5432	-13568	6304	
-5472	-13308	6276	
-5556	-13428	6460	
-5352	-13536	6408	
-5504	-13300	6572	
-5476	-13640	6868	
-5332	-13668	7068	
-5540	-13456	7296	
-5604	-13496	7284	
-5696	-13576	7492	
-5652	-13864	7644	
-5720	-13728	7564	
-5788	-13616	7664	
-5928	-13724	7808	
-5912	-13648	7824	
-5824	-13520	7708	
-5768	-13484	7912	
-5796	-13488	7828	
-5772	-13408	8064	
-5692	-13324	7880	
-5604	-13360	7888	
-5536	-13336	8012	
-5728	-13244	7984	
-5600	-13188	7924	
-5648	-13272	7960	
-5528	-13180	8056	
-5720	-13164	8136	
-5660	-12764	7936	
-5644	-12720	7648	
-5616	-13000	7820	
-5496	-13032	7992	
-5484	-12824	8024	
-5496	-12772	7940	
-5428	-12608	7788	
-5308	-12756	7820	
-5236	-12604	7904	
-5196	-12680	7992	
-5316	-12508	7812	
-5256	-12688	7876	
-5236	-12856	7804	
-5456	-12740	7824	
-5544	-12904	7960	
-5644	-12960	7944	
-5748	-12852	7964	
-5704	-12812	7980	
-5624	-12832	8040	
-5632	-13068	7920	
-5712	-12972	7868	
-5888	-12948	7856	
-5580	-12912	7820	
-5708	-12896	7812	
-6140	-12768	7644	
-6004	-12912	7652	
-5836	-13032	7788	
-5976	-12964	7872	
-5768	-13016	7736	
-5752	-12880	8040	
-5536	-12792	7864	
-5696	-12832	7700	
-5436	-12928	7704	
-5348	-12760	7916	
-5368	-12720	7692	
-5604	-12628	7744	
-5572	-12828	7636	
-5716	-12848	7952	
-5952	-12592	7892	
-5716	-12780	7952	
-5668	-12652	8000	
-5724	-12628	8156	
-5660	-12720	8216	
-5608	-12700	8140	
-5556	-12680	8436	
-5464	-12660	8464	
-5484	-12528	8580	
-5368	-12452	8564	
-5208	-12492	8756	
-5364	-12444	8676	
-5260	-12392	8612	
-5208	-12384	8696	
-5248	-12508	8732	
-5240	-12480	8744	
-5372	-12488	8576	
-5336	-12456	8684	
-5452	-12472	8544	
-5228	-12692	8684	
-5240	-12768	8708	
-5460	-12680	8352	
-5460	-12844	8496	
-5432	-12840	8464	
-5500	-12796	8384	
-5524	-12820	8500	
-5568	-12748	8180	
-5564	-12908	8132	
-5764	-12872	8248	
-5652	-12888	8080	
-5744	-12896	8016	
-5744	-12920	7952	
-5832	-12940	8008	
-5704	-12828	7984	
-5848	-12856	7880	
-5852	-12812	7772	
-5756	-12784	7960	
-5648	-12804	7952	
-5708	-12736	7988	
-5836	-12736	7984	
-5876	-12816	8076	
-5776	-12764	8056	
-5736	-12808	8092	
-5756	-12764	8156	
-5708	-12688	8052	
-5892	-12648	8148	
-5804	-12708	8148	
-5808	-12704	8160	
-5636	-12760	8160	
-5684	-12652	8000	
-5568	-12540	8080	
-5696	-12636	7988	
-5716	-12696	7968	
-5672	-12688	7908	
-5708	-12720	7772	
-5756	-12716	7788	
-5880	-12776	7736	
-5908	-12816	7648	
-6016	-12916	7744	
-6148	-12980	7796	
-5952	-12960	7636	
-6052	-13068	7648	
-6044	-12968	7656	
-5928	-13088	7676	
-5832	-13064	7688	
-5816	-13052	7592	
-5688	-13132	7756	
-5884	-13136	7632	
-5688	-13148	7680	
-5616	-13096	7688	
-5556	-13104	7656	
-5624	-13148	7752	
-5700	-13164	7708	
-5760	-13168	7772	
-5616	-13212	7780	
-5632	-13092	7852	
-5632	-12984	8064	
-5712	-13100	8092	
-5756	-13080	8080	
-5680	-13188	8368	
-5684	-13024	8436	
-5704	-13036	8264	
-5756	-12924	8356	
-5764	-12976	8220	
-5760	-12840	8164	
-5772	-12960	8232	
-5836	-12924	8260	
-5680	-12944	8096	
-5728	-12872	8164	
-5720	-12888	8124	
-5660	-12756	8136	
-5688	-12864	8004	
-5640	-12840	8208	
-5660	-12832	8256	
-5612	-12816	8192	
-5556	-12844	8184	
-5728	-12764	7928	
-5720	-12768	7952	
-5716	-12792	8064	
-5940	-12852	8120	
-6024	-12896	8100	
-5896	-12864	8228	
-5908	-13004	8220	
-5976	-13032	8220	
-5920	-13168	8384	
-6096	-13096	8380	
-6084	-13152	8388	
-6292	-13264	8480	
-6088	-13368	8496	
-6228	-13424	8520	
-6196	-13408	8560	
-6156	-13460	8548	
-6336	-13520	8512	
-6256	-13504	8424	
-6360	-13496	8160	
-6252	-13460	8364	
-6304	-13508	8256	
-6264	-13356	8120	
-6212	-13392	8232	
-6160	-13344	8124	
-6132	-13356	8064	
-6128	-13288	8140	
-6184	-13300	8060	
-6192	-13300	7952	
-6108	-13172	8060	
-6096	-13156	8264	
-5968	-13172	8132	
-6068	-13156	8320	
-5992	-13172	8344	
-5968	-13088	8320	
-5908	-13140	8348	
-5968	-13132	8436	
-5988	-13048	8500	
-5876	-13008	8436	
-5888	-13000	8508	
-5788	-13008	8532	
-5764	-12808	8496	
-5804	-12820	8656	
-5820	-12904	8544	
-5776	-12984	8528	
-5804	-12848	8424	
-5788	-12892	8600	
-5744	-12896	8488	
-5668	-12776	8460	
-5692	-12852	8456	
-5628	-12780	8384	
-5664	-12856	8380	
-5712	-12712	8556	
-5724	-12732	8428	
-5560	-12772	8424	
-5724	-12772	8384	
-5668	-12832	8488	
-5628	-12732	8472	
-5732	-12724	8628	
-5680	-12728	8524	
-5792	-12760	8532	
-5676	-12860	8564	
-5764	-12864	8516	
-5696	-13056	8600	
-5672	-12964	8544	
-5712	-13068	8660	
-5764	-12984	8676	
-5784	-13168	8676	
-5852	-13248	8640	
-5860	-13236	8676	
-5800	-13212	8668	
-5844	-13328	8636	
-5984	-13352	8676	
-8036	-12972	9208	
-1884	-14580	9068	
-7296	-11940	9280	
-7504	-14696	9984	
-5996	-14104	10256	
-6520	-13440	9660	
-6948	-13492	9164	
-6224	-14984	9812	
-5360	-13248	9688	
-5848	-13504	9048	
-6564	-13612	9484	
-5088	-13556	8988	
-6484	-13708	9284	
-6244	-13256	9232	
-5532	-13520	8744	
-6064	-13236	8680	
-6484	-13228	8804	
-5972	-12928	8720	
-6048	-13608	9120	
-5380	-12732	9120	
-4632	-12568	8124	
-6144	-12388	8076	
-6444	-12724	8620	
-5612	-13012	8908	
-5864	-12708	8760	
-5908	-12680	8588	
-5776	-12400	8384	
-5768	-12744	8392	
-5336	-12820	8448	
-5580	-12540	8588	
-5612	-12596	8740	
-6124	-12576	8444	
-6220	-12832	8652	
-6028	-12908	8920	
-6220	-12772	8856	
-5896	-13040	8964	
-6036	-12892	9216	
-5524	-13564	9468	
-5588	-12828	9380	
-6320	-12580	8868	
-6064	-12936	8800	
-5940	-13064	8860	
-7184	-14272	9440	
-6896	-11868	8580	
-3456	-15224	10368	
-6836	-12084	9292	
-6764	-12376	7668	
-6852	-12344	8468	
-5828	-13616	8264	
-5940	-12552	7956	
-6536	-13116	8216	
-6532	-13288	9140	
-6380	-13036	9196	
-6352	-13372	9004	
-6716	-12984	8704	
-6160	-13644	8796	
-6068	-13308	8832	
-6424	-13180	8964	
-6736	-12832	8932	
-6548	-13216	8928	
-6308	-13024	8964	
-6132	-13080	8848	
-6300	-12852	8800	
-6160	-12696	8864	
-6160	-12788	8816	
-6036	-12844	8888	
-5844	-12740	8896	
-5812	-12812	9084	
-5704	-12800	9048	
-5736	-12872	9072	
-5856	-12920	9060	
-5820	-12888	9092	
-5996	-12812	8960	
-6080	-12804	8896	
-6156	-12852	8852	
-6248	-12884	8800	
-6108	-12772	8984	
-5980	-12896	8848	
-6004	-12788	8624	
-5864	-12792	8764	
-5816	-12688	8740	
-5676	-12728	8580	
-5768	-12784	8660	
-5772	-12584	8724	
-5728	-12636	8752	
-5672	-12652	8724	
-5844	-12672	8736	
-5900	-12608	8616	
-5840	-12600	8592	
-5828	-12548	8548	
-5892	-12548	8536	
-5824	-12516	8708	
-5836	-12576	8604	
-5776	-12364	8620	
-6008	-12512	8588	
-5948	-12584	8488	
-5984	-12448	8556	
-5956	-12580	8552	
-5840	-12472	8592	
-5964	-12496	8516	
-5908	-12536	8496	
-6044	-12540	8512	
-6092	-12560	8632	
-5868	-12564	8620	
-6020	-12568	8400	
-6180	-12616	8416	
-6160	-12652	8412	
-6188	-12632	8576	
-6136	-12676	8488	
-6144	-12704	8400	
-6020	-12716	8432	
-6088	-12712	8512	
-6028	-12712	8432	
-5980	-12608	8484	
-5804	-12704	8432	
-6028	-12672	8556	
-5972	-12692	8440	
-6044	-12708	8380	
-6080	-12768	8400	
-6240	-12728	8468	
-6096	-12724	8356	
-6092	-12772	8412	
-6168	-12680	8440	
-6332	-12812	8452	
-6396	-12848	8524	
-6412	-12880	8528	
-6488	-12852	8416	
-6548	-13012	8572	
-6624	-12976	8540	
-6544	-12928	8644	
-6444	-12972	8528	
-6612	-12896	8464	
-6532	-12856	8468	
-6328	-12844	8568	
-6320	-12864	8484	
-6104	-12732	8436	
-6000	-12632	8328	
-6052	-12612	8096	
-5976	-12616	8132	
-5820	-12564	8116	
-5832	-12564	8176	
-5916	-12344	8020	
-5968	-12356	7988	
-5996	-12260	7912	
-5740	-12360	7972	
-5784	-12164	8080	
-5864	-12404	8072	
-5736	-12288	8188	
-5952	-12264	8000	
-5944	-12260	8060	
-5644	-12368	8220	
-5772	-12308	8172	
-5860	-12032	8048	
-5916	-12024	8020	
-6000	-12204	8012	
-5896	-12196	8056	
-5980	-12128	8020	
-5924	-12184	8116	
-6096	-12224	8232	
-6032	-12372	8220	
-5956	-12356	8544	
-5896	-12572	8548	
-5792	-12364	8672	
-5744	-12644	8788	
-5964	-12400	8588	
-5808	-12624	8712	
-5908	-12460	8396	
-6044	-12524	8412	
-6048	-12660	8420	
-6092	-12640	8556	
-6216	-12520	8624	
-6308	-12664	8788	
-6284	-12800	8968	
-6212	-12812	8804	
-6232	-12784	8888	
-6104	-12700	8776	
-6048	-12700	8700	
-6116	-12664	8716	
-6064	-12584	8516	
-5972	-12572	8504	
-5932	-12544	8288	
-5976	-12584	8400	
-6144	-12560	8444	
-6236	-12760	8588	
-6280	-12884	8764	
-6492	-13020	8992	
-6488	-13024	9084	
-6604	-13144	9240	
-6536	-13196	9368	
-6692	-13328	9532	
-6596	-13408	9824	
-6840	-13532	9568	
-6700	-13560	9768	
-6724	-13524	9616	
-6552	-13460	9640	
-6576	-13324	9572	
-6472	-13144	9532	
-6148	-13256	9596	
-6088	-13068	9764	
-5908	-12732	9652	
-5760	-12584	9576	
-5608	-12544	9564	
-5356	-12360	9696	
-5256	-12276	9640	
-5008	-12172	9508	
-5020	-12016	9444	
-5012	-11928	9316	
-4900	-12028	9092	
-4964	-11684	9036	
-5132	-11528	8560	
-4764	-10952	8580	
-4156	-11896	8780	
-5156	-10868	8324	
-5280	-10924	7916	
-4772	-11144	8096	
-5048	-10884	7972	
-4892	-11148	7788	
-4952	-11076	7836	
-5532	-10856	7616	
-5780	-10840	7712	
-4724	-10664	6960	
-8292	-11236	8156	
-1200	-18880	9144	
-1180	-12148	12888	
-5524	-9468	7656	
-6572	-7464	5628	
-5464	-11628	7528	
-6788	-10528	7788	
-4272	-12844	7696	
-3968	-12576	8712	
-6676	-11376	8828	
-7344	-10496	8048	
-4200	-12748	8412	
-5224	-11296	8204	
-7268	-10592	6980	
-7544	-11488	7420	
-7352	-12848	8604	
-6720	-12944	9052	
-6228	-12932	9492	
-5824	-13224	9612	
-5408	-13012	10256	
-6308	-12536	10276	
-6272	-12992	10520	
-6264	-13052	10640	
-5792	-13680	10580	
-5884	-13260	10268	
-7300	-12592	9768	
-7800	-12836	9604	
-7388	-13268	9736	
-7036	-13204	9952	
-6992	-12996	9724	
-6868	-12868	9568	
-6764	-12756	9316	
-6576	-12628	9464	
-6536	-12680	9348	
-6404	-12564	9380	
-6464	-12672	9452	
-6408	-12496	9524	
-6412	-12416	9352	
-6452	-12548	9340	
-6676	-12460	9440	
-6728	-12480	9248	
-6892	-12568	9380	
-6820	-12400	9356	
-6888	-12524	9368	
-6824	-12540	9400	
-7036	-12496	9592	
-6656	-12460	9332	
-6764	-12456	9572	
-6636	-12324	9532	
-6628	-12264	9528	
-6692	-12300	9456	
-6356	-12432	9516	
-6504	-12308	9448	
-6508	-12304	9244	
-6524	-12232	9304	
-6484	-12384	9360	
-6568	-12204	9408	
-6668	-12376	9324	
-6732	-12476	9424	
-6736	-12416	9368	
-6780	-12344	9536	
-6992	-12348	9492	
-6864	-12564	9412	
-6772	-12520	9556	
-6944	-12456	9608	
-7256	-12640	9784	
-7176	-12628	9892	
-7252	-12680	9768	
-7244	-12708	9940	
-7312	-12668	9768	
-7256	-12608	9968	
-7156	-12452	9784	
-7012	-12428	9820	
-7016	-12268	9540	
-6828	-12240	9488	
-6712	-12172	9552	
-6864	-12068	9460	
-6648	-12032	9164	
-6448	-11864	9016	
-6376	-11824	9040	
-6328	-11748	9028	
-6280	-11692	8908	
-6276	-11608	8844	
-6236	-11628	8956	
-6288	-11640	8880	
-6308	-11744	8940	
-6344	-11688	8984	
-6308	-11700	9152	
-6336	-11804	9308	
-6416	-11756	9360	
-6364	-11736	9316	
-6520	-11712	9412	
-6524	-11816	9352	
-6436	-11848	9480	
-6492	-11756	9436	
-6432	-11788	9292	
-6304	-11728	9452	
-6308	-11680	9212	
-6248	-11776	9284	
-6296	-11852	9468	
-6376	-11764	9576	
-6480	-11872	9464	
-6484	-12028	9632	
-6500	-11900	9536	
-6468	-12084	9704	
-6512	-12140	9672	
-6532	-12084	9612	
-6492	-12144	9544	
-6500	-11976	9368	
-6572	-12064	9384	
-6680	-12100	9440	
-6576	-11996	9560	
-6548	-12108	9468	
-6568	-11980	9524	
-6536	-12084	9412	
-6456	-11992	9464	
-6460	-12112	9540	
-6520	-12140	9576	
-6404	-12008	9480	
-6432	-11992	9444	
-6400	-11956	9420	
-6396	-11928	9168	
-6344	-11916	9256	
-6468	-11880	9132	
-6444	-11856	9124	
-6456	-11940	9204	
-6344	-11944	9288	
-6408	-11880	9164	
-6320	-11900	9364	
-6348	-11972	9056	
-6444	-11904	9284	
-6552	-11876	9328	
-6648	-11956	9260	
-6572	-12044	9472	
-6544	-12068	9440	
-6504	-12176	9404	
-6444	-12076	9564	
-6352	-12056	9508	
-6420	-12012	9616	
-6388	-12072	9588	
-6396	-11980	9516	
-6340	-11860	9432	
-6244	-11916	9416	
-6180	-11860	9456	
-6244	-11808	9464	
-6164	-11812	9404	
-6332	-11648	9300	
-6308	-11864	9272	
-6444	-11704	9296	
-6336	-11664	9412	
-6368	-11824	9380	
-6312	-11804	9328	
-6416	-11660	9216	
-6188	-11356	9056	
-5508	-12192	9260	
-7324	-11056	9004	
-6568	-11924	9212	
-6396	-11820	9500	
-5840	-12336	9588	
-6204	-11716	9360	
-6132	-11880	9700	
-5852	-12244	9672	
-6584	-11548	9360	
-6428	-11860	9448	
-6432	-11992	9244	
-6588	-11864	9068	
-6860	-11940	8908	
-7176	-12084	9300	
-7028	-12192	9268	
-6932	-12244	9424	
-6680	-12212	9412	
-6600	-12104	9616	
-6308	-12168	9816	
-6236	-12016	9800	
-6332	-12004	9824	
-6300	-12144	9672	
-6208	-12232	9720	
-6108	-12076	9636	
-6232	-12088	9608	
-6276	-12132	9504	
-6408	-11996	9488	
-6368	-12172	9412	
-6492	-11852	9328	
-6468	-11920	9192	
-6428	-11880	9272	
-6172	-11836	9304	
-6352	-11728	9556	
-5968	-11732	9300	
-5872	-11536	9288	
-6152	-11376	9184	
-6352	-11308	9036	
-6096	-11776	9208	
-6168	-11444	9448	
-6008	-11472	9152	
-5940	-11216	9136	
-5656	-11564	9048	
-6932	-10684	8916	
-5900	-11516	9032	
-5408	-11300	8956	
-6048	-10624	8976	
-6476	-11068	8952	
-6328	-11260	9076	
-6184	-11104	9364	
-5936	-11156	9496	
-5724	-11180	9472	
-5816	-11028	9492	
-5940	-11068	9612	
-5708	-11036	9572	
-5704	-11200	9636	
-5732	-11260	9596	
-5896	-11124	9380	
-6280	-11248	9424	
-6460	-11248	9452	
-6584	-11348	9356	
-6608	-11488	9388	
-6620	-11484	9544	
-6576	-11484	9572	
-6764	-11396	9548	
-6684	-11492	9572	
-6664	-11520	9680	
-6412	-11572	9844	
-6480	-11632	9584	
-6516	-11488	9664	
-6528	-11544	9580	
-6540	-11452	9740	
-6632	-11448	9628	
-6508	-11484	9724	
-6628	-11492	9696	
-6620	-11620	9776	
-6592	-11532	10012	
-6556	-11636	10092	
-6560	-11568	9940	
-6736	-11628	9956	
-6696	-11600	9888	
-6624	-11568	9892	
-6704	-11544	9892	
-6648	-11440	9988	
-6584	-11508	9716	
-6596	-11452	9864	
-6916	-11304	9764	
-6724	-11432	9744	
-6932	-11364	9624	
-7144	-11460	9944	
-6964	-11456	9892	
-7288	-11604	9828	
-7360	-11508	10004	
-7464	-11612	9960	
-7472	-11668	10060	
-7408	-11684	10000	
-7412	-11588	9976	
-7488	-11752	10060	
-7516	-11680	9836	
-7516	-11724	10008	
-6860	-11816	9824	
-7736	-10812	9772	
-7912	-11592	9616	
-7592	-11608	9728	
-7212	-11688	10092	
-6896	-11512	10024	
-7148	-11380	10092	
-6724	-11412	10128	
-6788	-11136	10136	
-6524	-11200	9964	
-6452	-11156	10048	
-6492	-11040	9948	
-6652	-11064	9808	
-7120	-10924	9828	
-6964	-11380	9908	
-7168	-11132	9984	
-7336	-11140	10084	
-7444	-11324	10256	
-7428	-11632	10516	
-7688	-11568	10596	
-7712	-11768	10616	
-7720	-11768	10636	
-7704	-11864	10852	
-7644	-12000	10868	
-7636	-11860	11116	
-7504	-11928	10980	
-7412	-11868	10920	
-7212	-11808	10796	
-7248	-11620	10732	
-7384	-11412	10736	
-7276	-11424	10580	
-7256	-11212	10636	
-7112	-11128	10180	
-7200	-11076	10244	
-7116	-10884	10024	
-7040	-10800	10012	
-7080	-10836	10100	
-6960	-10688	9888	
-7084	-10748	9944	
-6920	-10608	9872	
-7028	-10600	9824	
-7072	-10528	9796	
-7108	-10500	9728	
-7176	-10412	9852	
-7192	-10444	9620	
-7168	-10400	9716	
-7188	-10476	9852	
-7304	-10492	9688	
-7452	-10572	9792	
-7408	-10736	9836	
-7504	-10812	10108	
-7528	-11016	10192	
-7636	-11076	10328	
-7816	-11072	10596	
-7588	-11312	10864	
-7708	-11408	10900	
-7872	-11440	11128	
-7676	-11464	11092	
-7636	-11644	11140	
-7472	-11424	10936	
-7408	-11444	11200	
-7168	-11644	11252	
-7268	-11696	11544	
-7292	-11700	11492	
-7188	-11748	11456	
-7152	-11672	11512	
-7232	-11572	11316	
-7248	-11424	11132	
-7376	-11308	10784	
-7352	-11252	10736	
-7372	-11076	10768	
-7204	-10952	10528	
-7112	-10900	10544	
-6972	-10764	10388	
-7004	-10584	10368	
-6720	-10484	10460	
-6696	-10408	10188	
-6604	-10256	10184	
-6468	-10084	10068	
-6420	-10048	10116	
-6404	-9908	10084	
-6464	-9948	9984	
-6468	-9932	10004	
-6640	-9956	9920	
-6688	-9956	9912	
-6804	-10064	9948	
-6772	-10088	9876	
-7092	-10084	9940	
-7320	-10100	9924	
-7196	-10380	10072	
-7780	-9940	9884	
-7260	-10264	9696	
-7352	-10244	9776	
-7436	-10368	9632	
-7404	-10156	9556	
-7236	-10304	9808	
-7080	-9996	9660	
-7304	-9912	9708	
-7320	-10084	9876	
-7164	-10164	9976	
-7368	-10316	10156	
-7428	-10436	10276	
-7204	-10316	10216	
-7208	-10472	10344	
-7512	-10368	10364	
-7408	-10304	10284	
-7336	-10400	10396	
-7180	-10400	10344	
-7256	-10320	10320	
-7400	-10340	10352	
-7176	-10532	10648	
-7220	-10472	10860	
-6916	-10624	10752	
-7200	-10460	10908	
-7196	-10520	10848	
-7164	-10588	10972	
-7224	-10664	10912	
-7256	-10524	10624	
-7356	-10472	10676	
-7364	-10472	10616	
-7496	-10396	10560	
-7640	-10272	10428	
-7836	-10324	10368	
-7728	-10228	10344	
-7724	-10404	10684	
-7688	-10064	10680	
-7580	-9904	10628	
-7504	-9900	10796	
-7808	-9720	10740	
-7192	-9712	10572	
-7424	-10092	10480	
-8080	-9856	10472	
-6920	-9584	10412	
-8152	-9808	10604	
-7324	-10024	10312	
-8164	-9048	10268	
-7856	-10236	10128	
-8016	-9872	10840	
-7704	-9948	10848	
-7448	-9408	10724	
-7928	-9884	11064	
-6936	-10368	11392	
-6968	-8648	11440	
-7808	-9700	11140	
-6704	-9240	10916	
-7856	-9564	10840	
-6668	-11132	11520	
-8076	-9264	10244	
-8292	-10044	10948	
-6576	-8388	10212	
-8688	-10512	10256	
-5948	-9932	10600	
-6444	-8964	9948	
-8100	-9304	9788	
-8212	-9440	10380	
-8060	-9740	10836	
-6972	-10120	10924	
-6812	-9820	10804	
-7032	-9844	11016	
-7308	-9852	11156	
-6700	-9868	11264	
-6376	-9672	11232	
-6512	-9568	11040	
-6744	-9740	10892	
-7100	-9564	10840	
-7264	-9744	10860	
-7336	-9712	10984	
-7504	-9824	10768	
-7784	-9640	10608	
-7900	-9628	10592	
-8036	-9596	10508	
-7896	-9512	10552	
-7780	-9596	10680	
-7556	-9508	11056	
-7412	-9504	11380	
-7276	-9348	11400	
-6980	-9328	11644	
-6860	-9344	11796	
-6936	-9348	11824	
-6984	-9240	11660	
-7020	-9136	11724	
-7144	-9296	11648	
-7152	-9312	11512	
-7376	-9232	11328	
-7468	-9348	11284	
-7628	-9256	11168	
-7552	-9112	10896	
-7640	-9152	11064	
-7648	-9128	10788	
-7508	-9112	10820	
-7680	-9164	10984	
-7612	-9108	11092	
-7752	-9472	11196	
-7688	-9348	11100	
-7836	-9436	11160	
-7800	-9448	10988	
-7636	-9464	11044	
-7624	-9400	11084	
-7628	-9364	11096	
-7368	-9448	11068	
-7300	-9376	10904	
-7244	-9392	11012	
-7324	-9256	10828	
-7296	-9236	10844	
-7272	-9340	10796	
-7228	-9236	10704	
-7216	-9196	10800	
-7368	-9140	10628	
-7408	-9128	10772	
-7444	-9048	10568	
-7432	-9064	10564	
-7328	-9148	10820	
-7452	-9056	10636	
-7428	-9092	10760	
-7572	-9004	10708	
-7404	-9064	10776	
-7472	-8900	10656	
-7432	-9008	10396	
-7496	-8928	10748	
-7412	-8892	10688	
-7524	-8952	10680	
-7676	-8928	10632	
-7676	-8952	10712	
-7688	-8932	10688	
-7744	-8856	10720	
-7620	-8828	10620	
-7796	-8860	10668	
-7848	-8944	10668	
-7920	-8984	10840	
-7928	-9076	10728	
-7844	-9072	10936	
-7868	-8992	10956	
-7960	-9076	10868	
-7952	-9060	11036	
-7848	-9060	10836	
-7840	-9164	10884	
-7968	-9180	11008	
-8004	-9296	11136	
-8056	-9384	11180	
-8160	-9592	11484	
-8088	-9636	11516	
-8304	-9668	11812	
-8484	-9700	11828	
-8536	-9676	11844	
-8432	-9784	11816	
-8472	-9824	11880	
-8632	-9816	12052	
-8640	-9932	12068	
-8620	-9928	12196	
-8632	-9936	12140	
-8540	-9872	12108	
-8560	-9876	12096	
-8556	-9876	11872	
-8568	-9712	11736	
-8504	-9716	11760	
-8460	-9712	11676	
-8476	-9728	11572	
-8416	-9636	11552	
-8600	-9572	11232	
-8504	-9484	11080	
-8536	-9452	10968	
-8500	-9352	10804	
-8524	-9272	10864	
-8428	-9192	10796	
-8372	-9112	10672	
-8376	-8868	10860	
-8112	-9264	10952	
-8628	-8656	11048	
-8200	-8868	11268	
-8236	-8840	11224	
-8284	-8920	11128	
-8260	-8920	11468	
-8280	-8968	11588	
-8048	-8848	11712	
-8100	-9008	11756	
-8040	-9000	11804	
-8144	-9064	11840	
-7868	-8848	11848	
-7916	-8828	11936	
-8016	-8756	11808	
-7868	-8640	11864	
-8052	-8664	11812	
-8184	-8740	11840	
-8180	-8680	11704	
-8360	-8624	11808	
-8592	-8700	11856	
-8580	-8700	11932	
-8864	-8744	11972	
-8724	-8704	11924	
-8836	-8624	11800	
-8676	-8540	11636	
-8664	-8488	11556	
-8676	-8280	11580	
-8696	-8388	11508	
-8716	-8144	11224	
-8792	-7948	11000	
-8664	-7848	10808	
-8564	-7692	10716	
-8592	-7580	10508	
-8504	-7436	10396	
-8528	-7296	10248	
-8260	-7280	10444	
-8208	-7260	10196	
-8152	-7140	10188	
-8048	-7196	10320	
-8180	-7112	10500	
-8100	-7044	10688	
-8032	-7104	10800	
-8008	-7212	10840	
-8016	-7264	11048	
-7936	-7352	11156	
-8080	-7464	11220	
-8072	-7492	11116	
-8176	-7512	11280	
-8288	-7660	11420	
-8248	-7724	11596	
-8304	-7716	11664	
-8304	-7788	11512	
-8484	-7796	11660	
-8436	-7808	11616	
-8428	-7916	11772	
-8376	-7900	11704	
-8464	-7924	11596	
-8432	-8012	11724	
-8512	-7964	11644	
-8456	-8076	11644	
-8496	-8028	11484	
-8480	-7932	11428	
-8516	-7868	11428	
-8584	-7816	11220	
-8752	-7520	11244	
-8664	-7496	11084	
-8784	-7340	11000	
-8756	-7164	11028	
-8776	-7072	10976	
-8936	-6936	11000	
-9176	-6988	10980	
-9544	-7084	10980	
-9624	-7244	11132	
-9928	-7548	11248	
-10212	-7588	11028	
-10240	-7436	11008	
-10400	-7524	10948	
-10516	-7472	11132	
-10624	-7468	11128	
-10720	-7444	11156	
-10552	-7424	11192	
-10716	-7496	11256	
-10852	-7520	11332	
-10808	-7684	11408	
-10924	-7644	11528	
-10900	-7736	11460	
-11104	-7852	11688	
-11064	-7880	11592	
-11076	-7948	11704	
-11104	-8076	11744	
-11004	-8008	11844	
-10988	-8260	11952	
-10968	-8336	11928	
-10896	-8288	11944	
-10936	-8388	12228	
-10844	-8584	12388	
-10812	-8700	12312	
-10664	-8624	12580	
-10732	-8712	12548	
-11080	-8504	12652	
-10904	-8800	12496	
-10804	-8780	12816	
-10460	-8676	12568	
-10484	-8472	12428	
-10004	-8476	12404	
-9968	-8172	12224	
-9708	-8164	12088	
-9824	-7980	12012	
-9596	-7956	11956	
-9284	-8008	11952	
-9416	-7596	12008	
-9080	-7932	11800	
-10500	-6524	11648	
-9012	-7128	12028	
-8388	-7612	11832	
-8356	-6996	11740	
-8432	-6788	11264	
-7844	-6744	11380	
-7568	-6784	11400	
-7640	-6396	11204	
-8108	-6416	11304	
-8436	-6620	11624	
-8492	-6908	11592	
-8892	-6716	11476	
-9068	-6792	11496	
-9288	-6924	11532	
-9656	-6648	11512	
-9524	-7088	11504	
-9508	-7004	11560	
-9120	-7112	12112	
-8648	-7356	12252	
-8800	-7284	12420	
-8684	-7088	12472	
-8556	-6764	12372	
-8300	-6988	12400	
-8348	-6808	12248	
-8064	-6732	12248	
-7852	-7120	12388	
-8648	-6532	12020	
-8624	-7044	11544	
-9824	-6604	11620	
-9492	-6804	11540	
-9496	-7020	11856	
-9760	-6744	11712	
-9604	-6796	11516	
-9468	-6788	11788	
-12956	-8548	13840	
-4792	-5984	12120	
5664	-6792	9232	
-7100	-6264	11284	
-12008	-6708	13328	
-14388	-6932	14740	
-11584	-7752	13496	
-11604	-7108	11976	
-11168	-7044	10800	
-9640	-7752	10936	
-7708	-8196	11752	
-7772	-7920	12432	
-8152	-7404	13072	
-8580	-7100	13428	
-7960	-7020	13632	
-7880	-6920	13592	
-8008	-6596	12984	
-8272	-6836	12416	
-8576	-6828	12536	
-8940	-7108	12172	
-9108	-6876	11876	
-9552	-6920	11720	
-9712	-6940	11656	
-9992	-6884	11560	
-9840	-6708	11552	
-10032	-6700	11444	
-9632	-6564	11512	
-9220	-6472	11544	
-9012	-6616	11712	
-8632	-6492	11988	
-8280	-6448	12036	
-8336	-6436	11968	
-8316	-6404	12184	
-8364	-6464	11964	
-8384	-6432	12012	
-8608	-6404	11904	
-8696	-6420	11776	
-8912	-6520	11820	
-9032	-6504	11676	
-9212	-6632	11936	
-9384	-6716	11784	
-9464	-6796	11900	
-9628	-6844	11988	
-9768	-7000	12096	
-9696	-7036	12080	
-9832	-7116	12116	
-9904	-7268	12328	
-9948	-7148	12284	
-9808	-7188	12332	
-9652	-7228	12356	
-9848	-7308	12292	
-9840	-7292	12480	
-9816	-7280	12396	
-9708	-7240	12328	
-9696	-7176	12260	
-9740	-7216	12284	
-9576	-7020	12032	
-9440	-7036	12220	
-9516	-7040	12188	
-9432	-6944	12324	
-9460	-7000	12540	
-9524	-7016	12540	
-9512	-6936	12600	
-9512	-6948	12628	
-9400	-6880	12464	
-9392	-6764	12624	
-9344	-6676	12556	
-9328	-6692	12428	
-9176	-6680	12372	
-9196	-6508	12380	
-9196	-6344	12172	
-9196	-6400	11952	
-9240	-6336	11916	
-9284	-6504	11996	
-9100	-6364	11788	
-9240	-6320	11904	
-9264	-6488	12000	
-9156	-6408	11940	
-9216	-6424	11924	
-9284	-6396	11972	
-9240	-6504	11820	
-9460	-6512	11820	
-9276	-6460	11752	
-9384	-6552	11708	
-9464	-6492	11644	
-9464	-6544	11820	
-9536	-6512	11968	
-9440	-6612	11980	
-9544	-6568	12064	
-9568	-6564	12156	
-9668	-6656	12052	
-9728	-6712	12208	
-9872	-6772	12292	
-9892	-6628	12560	
-9828	-6716	12620	
-9900	-6736	12424	
-9964	-6744	12424	
-9924	-6616	12380	
-9952	-6648	12408	
-10064	-6688	12292	
-9940	-6604	12220	
-9860	-6604	12296	
-9796	-6516	12176	
-9804	-6556	12068	
-9648	-6508	12100	
-9604	-6480	12176	
-9596	-6536	12404	
-9492	-6544	12632	
-9408	-6648	12876	
-9404	-6876	13160	
-9436	-6788	13096	
-9480	-6992	13036	
-9328	-7044	13088	
-9384	-7140	13068	
-9352	-7256	13132	
-9356	-7264	13120	
-9348	-7236	13108	
-9392	-7320	13132	
-9288	-7292	13180	
-9188	-7292	13192	
-9112	-7268	13144	
-9164	-7236	13228	
-9052	-7116	13248	
-8980	-6968	12912	
-8820	-6836	12948	
-8776	-6804	12784	
-8772	-6572	12548	
-8656	-6532	12500	
-8552	-6396	12340	
-8656	-6332	12300	
-8556	-6232	12196	
-8476	-6188	12008	
-8412	-6048	11860	
-8408	-5900	11880	
-8348	-5912	11620	
-8300	-5820	11556	
-8256	-5776	11216	
-8180	-5600	11320	
-8124	-5512	11344	
-8172	-5460	11192	
-8136	-5344	11244	
-8192	-5340	10972	
-8272	-5388	11016	
-8380	-5444	11128	
-8392	-5488	11028	
-8528	-5516	11072	
-8468	-5704	11112	
-8500	-5692	11092	
-8888	-5824	11188	
-8812	-5724	11100	
-9044	-6044	11408	
-9220	-6156	11396	
-9328	-6444	11632	
-9592	-6436	11732	
-9612	-6480	11780	
-9872	-6728	12040	
-10080	-6812	12164	
-10300	-6912	12512	
-10296	-7056	12424	
-10492	-7092	12552	
-10472	-7052	12592	
-10524	-7032	12548	
-10432	-6912	12680	
-10312	-6852	12460	
-10288	-6612	12620	
-10216	-6604	12244	
-10132	-6512	12236	
-10100	-6444	12012	
-9864	-6304	12044	
-10032	-6244	11976	
-9800	-6236	11800	
-9964	-6116	11840	
-9924	-6128	11944	
-9880	-6092	11916	
-9876	-6120	11848	
-9748	-6052	11948	
-9784	-6116	11916	
-9752	-6192	12028	
-9728	-6060	11888	
-9768	-6112	12024	
-9740	-6164	11836	
-9456	-5952	11832	
-9464	-6056	11804	
-9480	-5976	11672	
-9436	-6032	11756	
-9308	-5996	11704	
-9236	-6000	11732	
-9296	-5864	11560	
-9280	-5964	11700	
-9300	-5900	11500	
-9212	-5896	11568	
-9328	-5948	11432	
-9192	-5896	11592	
-9272	-5912	11608	
-9132	-5916	11544	
-9344	-6004	11644	
-9100	-6028	11764	
-9336	-6140	11740	
-9440	-6020	11904	
-9228	-6176	11888	
-9276	-6104	11768	
-9192	-6196	11964	
-9276	-6156	11932	
-9304	-6224	12016	
-9244	-6180	12024	
-9276	-6300	11944	
-9316	-6332	12012	
-9268	-6368	12068	
-9240	-6468	12076	
-9400	-6452	12008	
-9420	-6400	12268	
-9484	-6424	12244	
-9552	-6476	12264	
-9620	-6472	12324	
-9708	-6496	12452	
-9680	-6564	12228	
-9684	-6528	12412	
-9720	-6580	12516	
-9644	-6612	12376	
-9632	-6584	12456	
-9552	-6432	12332	
-9492	-6464	12376	
-9552	-6572	12560	
-9408	-6436	12412	
-9544	-6488	12368	
-9552	-6468	12560	
-9492	-6604	12488	
-9488	-6504	12496	
-9372	-6484	12516	
-9472	-6592	12632	
-9384	-6524	12500	
-9404	-6596	12580	
-9356	-6544	12716	
-9348	-6516	12816	
-9320	-6424	12688	
-9208	-6356	12724	
-9064	-6240	12352	
-9132	-6304	12396	
-9096	-6196	12332	
-8988	-6176	12164	
-9140	-6172	12296	
-9044	-6112	12312	
-9124	-6068	12232	
-9228	-6136	12144	
-9136	-6124	12144	
-9168	-6036	12304	
-9200	-6044	12248	
-9204	-5996	12120	
-9136	-5912	12212	
-9056	-6052	12032	
-9080	-5988	12044	
-9160	-6040	11980	
-9044	-6076	11920	
-9100	-6016	11836	
-9264	-5964	11844	
-9200	-5956	11872	
-9308	-5832	11676	
-9392	-5844	11572	
-9324	-5880	11636	
-9376	-5892	11716	
-9344	-5864	11716	
-9536	-5764	11840	
-9416	-5852	11696	
-9524	-5792	11644	
-9452	-5888	11672	
-9296	-5940	11644	
-9588	-5952	11572	
-9364	-5928	11632	
-9724	-6016	11680	
-9536	-6128	11780	
-9392	-6080	11724	
-9624	-6088	11980	
-9588	-6300	12048	
-9748	-6144	12044	
-9664	-6136	12060	
-9640	-6244	12208	
-9660	-6340	12160	
-9584	-6324	12164	
-9728	-6396	11972	
-9664	-6388	11844	
-9644	-6400	11984	
-9612	-6360	11976	
-9636	-6436	12040	
-9696	-6532	12060	
-9624	-6572	12248	
-9608	-6604	12208	
-9764	-6588	12332	
-9780	-6644	12424	
-9776	-6644	12344	
-9708	-6808	12312	
-9796	-6712	12472	
-9832	-6728	12468	
-9764	-6784	12432	
-9884	-6768	12608	
-9784	-6868	12816	
-9888	-6840	12732	
-9856	-6824	12784	
-9848	-6784	12656	
-9732	-6700	12652	
-9836	-6740	12676	
-9764	-6644	12624	
-9716	-6660	12520	
-9664	-6536	12460	
-9608	-6444	12108	
-9472	-6284	12104	
-9380	-6204	11992	
-9264	-6144	12064	
-9244	-6104	11948	
-9168	-5992	11844	
-9128	-5980	11908	
-8972	-5964	11784	
-8888	-5904	11712	
-8840	-5884	11808	
-8960	-5844	11568	
-8900	-5808	11800	
-8892	-5836	11796	
-8872	-5760	11960	
-8956	-5900	12068	
-8992	-6004	12188	
-8996	-6120	12228	
-9096	-6204	12368	
-9072	-6292	12336	
-9344	-6340	12384	
-9364	-6472	12568	
-9308	-6304	12472	
-9460	-6460	12520	
-9420	-6316	12448	
-9392	-6412	12484	
-9532	-6340	12388	
-9548	-6404	12400	
-9576	-6384	12324	
-9608	-6484	12308	
-9516	-6492	12360	
-9720	-6508	12240	
-9644	-6536	12068	
-9612	-6468	12076	
-9608	-6512	12132	
-9628	-6448	12068	
-9536	-6440	11964	
-9620	-6328	11872	
-9684	-6268	11772	
-9604	-6192	11904	
-9584	-6312	11732	
-9584	-6284	11904	
-9676	-6324	11888	
-9632	-6328	11832	
-9648	-6328	11984	
-9740	-6348	11960	
-9596	-6268	12044	
-9492	-6220	12200	
-9640	-6344	12040	
-9604	-6260	12088	
-9552	-6208	12064	
-9468	-6140	11928	
-9312	-6052	11900	
-9432	-6052	11948	
-9388	-6072	11976	
-9304	-6040	11980	
-9320	-6000	11972	
-9336	-6052	12036	
-9260	-5968	11832	
-9480	-6124	11940	
-9292	-6152	12016	
-9300	-6144	12128	
-9396	-6080	12128	
-9496	-6108	12208	
-9504	-6136	12284	
-9448	-6044	12220	
-9424	-6176	12108	
-9400	-6064	12052	
-9460	-6132	12000	
-9256	-6132	12136	
-9356	-6180	12020	
-9452	-6220	12096	
-9436	-6120	11972	
-9612	-6192	12164	
-9724	-6188	12084	
-9572	-6380	12188	
-9696	-6472	12288	
-9636	-6432	12424	
-9600	-6440	12352	
-9648	-6396	12480	
-9508	-6440	12388	
-9552	-6380	12352	
-9496	-6300	12360	
-9392	-6436	12268	
-9456	-6400	12168	
-9336	-6272	12252	
-9260	-6296	12320	
-9332	-6264	12240	
-9444	-6284	12348	
-9456	-6348	12276	
-9496	-6320	12188	
-9360	-6284	12112	
-9568	-6196	12044	
-9348	-6284	12076	
-9404	-6300	12016	
-9512	-6348	11840	
-9632	-6336	12068	
-9512	-6188	11996	
-9612	-6216	12216	
-9588	-6240	12212	
-9400	-6364	12260	
-9504	-6296	12256	
-9472	-6344	12276	
-9492	-6324	12332	
-9468	-6324	12308	
-9504	-6164	12308	
-9592	-6160	12212	
-9420	-6168	12072	
-9440	-6040	12024	
-9488	-6116	11780	
-9448	-6116	11852	
-9456	-6032	11708	
-9500	-6000	11756	
-9316	-5916	11744	
-9484	-6008	11688	
-9376	-6016	11780	
-9444	-6036	11928	
-9352	-5988	11868	
-9332	-5912	11976	
-9272	-5940	11848	
-9448	-6048	11680	
-9388	-6072	11840	
-9480	-5884	11752	
-9424	-5936	11640	
-9448	-5920	11756	
-9424	-6012	11724	
-9256	-5984	11876	
-9384	-5936	11776	
-9404	-5928	11856	
-9352	-6044	12228	
-9404	-6236	11988	
-9532	-6112	11940	
-9604	-6320	12128	
-9440	-6196	12120	
-9484	-6200	12028	
-9588	-6244	12096	
-9540	-6260	12132	
-9588	-6208	12120	
-9700	-6164	12208	
-9620	-6256	12152	
-9580	-6204	12196	
-9616	-6164	12152	
-9564	-6156	12184	
-9524	-6256	12140	
-9448	-6196	12220	
-9492	-6176	12144	
-9424	-6208	12108	
-9284	-6264	12276	
-9492	-6208	12340	
-9372	-6140	12272	
-9296	-6196	12192	
-9444	-6260	12200	
-9416	-6164	12288	
-9480	-6236	12080	
-9476	-6292	12172	
-9392	-6316	12164	
-9500	-6156	12108	
-9408	-6192	12236	
-9452	-6196	12300	
-9436	-6200	12096	
-9304	-6248	12028	
-9424	-6208	12164	
-9312	-6160	12060	
-9264	-6124	12096	
-9384	-6148	11984	
-9272	-6152	11928	
-9388	-6136	11960	
-9276	-6120	11932	
-9328	-6092	11932	
-9392	-6096	11940	
-9340	-6212	12036	
-9480	-6260	12156	
-9492	-6276	12036	
-9512	-6388	12132	
-9476	-6348	12180	
-9576	-6464	12208	
-9544	-6376	12288	
-9632	-6392	12288	
-9652	-6440	12356	
-9708	-6472	12252	
-9720	-6428	12284	
-9704	-6384	12116	
-9644	-6408	12124	
-9636	-6400	12132	
-9624	-6412	12108	
-9680	-6316	12156	
-9656	-6372	12196	
-9640	-6448	12360	
-9664	-6452	12200	
-9748	-6420	12200	
-9576	-6300	12004	
-9592	-6344	12024	
-9596	-6256	12068	
-9568	-6180	12140	
-9696	-6280	12132	
-9516	-6232	12204	
-9496	-6172	12168	
-9548	-6208	12112	
-9392	-6172	12200	
-9368	-6160	12056	
-9396	-6144	12164	
-9276	-6132	12116	
-9296	-6052	12088	
-9452	-6100	12040	
-9308	-6016	12000	
-9392	-6056	11932	
-9328	-5980	11992	
-9304	-5920	11972	
-9404	-5940	11896	
-9312	-5924	11860	
-9420	-5884	11872	
-9368	-5988	12072	
-9344	-5992	12016	
-9536	-6196	12036	
-9540	-6068	12000	
-9524	-6124	12040	
-9532	-6208	12244	
-9584	-6264	12188	
-9564	-6340	12264	
-9580	-6256	12200	
-9568	-6276	12076	
-9564	-6200	12160	
-9492	-6252	12064	
-9464	-6224	12064	
-9384	-6140	11892	
-9408	-5996	11876	
-9272	-6064	11904	
-9308	-6060	11876	
-9392	-6088	11924	
-9304	-6092	11808	
-9256	-6220	12048	
-9336	-6216	11976	
-9512	-6320	12120	
-9424	-6336	12304	
-9572	-6360	12228	
-9628	-6372	12364	
-9712	-6436	12400	
-9760	-6388	12468	
-9756	-6508	12504	
-9708	-6452	12292	
-9764	-6484	12304	
-9796	-6404	12184	
-9696	-6304	12144	
-9752	-6356	12072	
-9668	-6328	12176	
-9660	-6364	12220	
-9576	-6232	12124	
-9460	-6256	12096	
-9512	-6300	12116	
-9552	-6204	11976	
-9468	-6164	11916	
-9412	-6072	12036	
-9444	-6100	11892	
-9456	-5952	11820	
-9360	-5992	11708	
-9384	-5856	11808	
-9276	-5824	11784	
-9284	-5788	11648	
-9296	-5840	11732	
-9180	-5836	11680	
-9248	-5860	11704	
-9316	-5916	11672	
-9368	-5900	11852	
-9388	-5960	11936	
-9360	-6040	11896	
-9364	-5984	12048	
-9436	-6168	12044	
-9460	-6040	11996	
-9540	-6224	12024	
-9352	-6132	12128	
-9556	-6028	11992	
-9344	-5920	11896	
-9416	-5968	11892	
-9404	-5984	11860	
-9272	-5972	11920	
-9428	-5956	11920	
-9340	-6048	12024	
-9404	-6080	11840	
-9372	-6188	12172	
-9460	-6360	12396	
-9400	-6512	12532	
-9588	-6448	12428	
-9588	-6616	12428	
-9636	-6536	12336	
-9792	-6592	12496	
-9696	-6552	12460	
-9748	-6488	12540	
-9764	-6524	12352	
-9752	-6456	12236	
-9772	-6464	12092	
-9736	-6400	12300	
-9700	-6400	12116	
-9620	-6504	12248	
-9624	-6368	12224	
-9528	-6460	12324	
-9660	-6508	12124	
-9608	-6444	12332	
-9740	-6332	12208	
-9588	-6332	12268	
-9572	-6312	12112	
-9624	-6348	12144	
-9560	-6220	12020	
-9592	-6112	12064	
-9532	-6180	12000	
-9496	-6172	12028	
-9504	-6092	11760	
-9368	-5996	11852	
-9440	-6124	11784	
-9424	-5988	11696	
-9412	-6144	11772	
-9332	-5944	11644	
-9424	-5996	11800	
-9420	-6084	11840	
-9400	-6056	11944	
-9392	-6044	12084	
-9428	-6044	12112	
-9544	-6168	12096	
-9500	-6056	12068	
-9484	-6124	12152	
-9480	-6016	12068	
-9432	-6052	11980	
-9368	-6048	12032	
-9368	-6060	12008	
-9352	-5928	12020	
-9356	-6036	11912	
-9408	-5972	11932	
-9412	-6052	11948	
-9368	-6096	12032	
-9416	-6152	12084	
-9528	-6188	12092	
-9576	-6204	12192	
-9544	-6292	12324	
-9616	-6252	12244	
-9588	-6408	12308	
-9628	-6352	12340	
-9676	-6368	12300	
-9808	-6464	12212	
-9708	-6388	12208	
-9748	-6392	12308	
-9620	-6444	12252	
-9536	-6448	12096	
-9632	-6216	12008	
-9696	-6260	12080	
-9504	-6272	12064	
-9668	-6288	12012	
-9556	-6292	12312	
-9464	-6256	12200	
-9484	-6284	12108	
-9492	-6292	12108	
-9536	-6260	12208	
-9488	-6280	12064	
-9444	-6276	11904	
-9508	-6276	11864	
-9468	-6224	11980	
-9540	-6248	11924	
-9380	-6264	12024	
-9368	-6204	12052	
-9436	-6072	12140	
-9388	-6268	12196	
-9460	-6340	12296	
-9460	-6332	12284	
-9444	-6268	12220	
-9464	-6344	12304	
-9600	-6328	12132	
-9392	-6340	12092	
-9316	-6116	12000	
-9472	-6136	11816	
-9392	-6084	12028	
-9452	-6160	11932	
-9480	-6148	11916	
-9496	-6192	11896	
-9584	-6120	12076	
-9520	-6180	12036	
-9420	-6128	11836	
-9496	-6140	12080	
-9492	-6196	11964	
-9556	-6224	12092	
-9488	-6224	11976	
-9496	-6104	11912	
-9556	-6168	12136	
-9608	-6236	12352	
-9552	-6152	12164	
-9540	-6232	12136	
-9644	-6232	12320	
-9452	-6256	12252	
-9544	-6180	12160	
-9608	-6236	12156	
-9536	-6308	12184	
-9524	-6196	11964	
-9572	-6196	12096	
-9576	-6252	11924	
-9560	-6208	12000	
-9520	-6164	12040	
-9436	-6184	12000	
-9496	-6204	12104	
-9420	-6248	12096	
-9480	-6148	12136	
-9396	-6180	11960	
-9408	-6208	12088	
-9468	-6300	12032	
-9404	-6264	12040	
-9376	-6184	12060	
-9360	-6152	11900	
-9344	-6216	11988	
-9512	-6188	11912	
-9356	-6192	11852	
-9348	-6156	12004	
-9556	-6068	11964	
-9496	-6176	12084	
-9500	-6160	12108	
-9572	-6208	11832	
-9488	-6236	11884	
-9480	-6252	11948	
-9608	-6328	12164	
-9596	-6200	12084	
-9648	-6328	12200	
-9720	-6348	12184	
-9696	-6328	12336	
-9760	-6296	12432	
-9648	-6252	12164	
-9816	-6308	12124	
-9600	-6272	12048	
-9560	-6284	11952	
-9444	-6160	11872	
-9408	-6044	11944	
-9392	-5976	11916	
-9436	-6100	11980	
-9460	-6060	12080	
-9416	-6116	12196	
-9464	-6212	12100	
-9448	-6180	12148	
-9520	-6116	12080	
-9528	-6152	12056	
-9464	-6212	12068	
-9484	-6204	12072	
-9504	-6272	12012	
-9500	-6124	12000	
-9504	-6272	11984	
-9516	-6168	12060	
-9520	-6244	12108	
-9520	-6212	12244	
-9532	-6300	12188	
-9612	-6332	12212	
-9472	-6288	11992	
-9484	-6316	12064	
-9560	-6220	11960	
-9496	-6244	12048	
-9580	-6196	11972	
-9384	-6140	12040	
-9496	-6112	12096	
-9448	-6104	12068	
-9380	-6204	11912	
-9436	-6076	11848	
-9380	-6136	11808	
-9440	-6052	11964	
-9320	-6088	11896	
-9372	-5976	11884	
-9308	-6080	11900	
-9360	-6048	11892	
-9408	-6060	12052	
-9512	-6196	12048	
-9432	-6132	12024	
-9464	-6200	12032	
-9352	-6220	11972	
-9500	-6264	12008	
-9528	-6252	12108	
-9544	-6272	12056	
-9676	-6228	12088	
-9528	-6268	12112	
-9576	-6212	12040	
-9528	-6268	12088	
-9576	-6212	12048	
-9480	-6184	11860	
-9460	-6248	12012	
-9424	-6176	12044	
-9404	-6172	12060	
-9368	-6128	12136	
-9420	-6288	12180	
-9484	-6296	12264	
-9492	-6256	12068	
-9444	-6328	12064	
-9480	-6308	12044	
-9568	-6312	11984	
-9524	-6184	12020	
-9560	-6304	12016	
-9516	-6192	11980	
-9512	-6188	12000	
-9492	-6088	11928	
-9560	-6180	12000	
-9580	-6136	11996	
-9616	-6240	12168	
-9624	-6236	12216	
-9584	-6364	12292	
-9652	-6384	12180	
-9644	-6320	12380	
-9588	-6396	12284	
-9668	-6376	12040	
-9588	-6300	12224	
-9640	-6416	12180	
-9568	-6444	12172	
-9632	-6284	11952	
-9664	-6336	11964	
-9652	-6328	12032	
-9584	-6160	11956	
-9504	-6244	11976	
-9568	-6256	11828	
-9496	-6220	11800	
-9560	-6324	11900	
-9496	-6468	12000	
-9420	-6204	11896	
-9456	-6300	11888	
-9560	-6288	12076	
-9480	-6312	12168	
-9632	-6380	12024	
-9644	-6356	12120	
-9784	-6392	12140	
-9608	-6296	11964	
-9556	-6368	12044	
-9528	-6300	12072	
-9648	-6260	12000	
-9596	-6252	12040	
-9464	-6176	12060	
-9488	-6208	11932	
-9492	-6180	11836	
-9516	-6240	11716	
-9452	-6160	11780	
-9484	-5956	11896	
-9360	-6124	12096	
-9416	-6164	12016	
-9404	-6128	12188	
-9500	-6032	12168	
-9508	-6220	12164	
-9400	-6204	12196	
-9524	-6196	12060	
-9488	-6192	12080	
-9400	-6232	12108	
-9612	-6116	12172	
-9388	-6300	12244	
-9464	-6040	12056	
-9312	-6176	11972	
-9408	-6112	11952	
-9340	-6128	11984	
-9216	-6088	11984	
-9380	-6044	11924	
-9312	-6088	11876	
-9300	-6156	11864	
-9464	-6108	11888	
-9276	-6212	12032	
-9452	-6168	11900	
-9528	-6296	12036	
-9548	-6268	12024	
-9620	-6252	12132	
-9608	-6268	11996	
-9428	-6300	12176	
-9400	-6276	11968	
-9636	-6372	12088	
-9632	-6296	12220	
-9524	-6260	11960	
-9544	-6372	12056	
-9508	-6424	12164	
-9532	-6432	12264	
-9580	-6508	12288	
-9552	-6524	12208	
-9708	-6604	12252	
-9680	-6548	12112	
-9888	-6628	12152	
-9888	-6548	12240	
-9860	-6520	12252	
-9752	-6572	12056	
-9812	-6472	12016	
-9928	-6464	12032	
-9740	-6504	12060	
-9840	-6452	11892	
-9828	-6432	11928	
-9800	-6416	11904	
-9784	-6412	11876	
-9720	-6384	12080	
-9696	-6412	11996	
-9544	-6304	12048	
-9696	-6348	11900	
-9600	-6304	11948	
-9608	-6288	11900	
-9600	-6228	11832	
-9620	-6264	11976	
-9444	-6176	11892	
-9404	-6120	11956	
-9468	-6196	11968	
-9548	-6116	12040	
-9340	-6216	11956	
-9332	-6224	11924	
-9396	-6168	12044	
-9304	-6200	11928	
-9252	-6144	11908	
-9112	-6228	11988	
-9068	-6160	12032	
-9212	-6072	11956	
-9136	-6264	11972	
-9168	-6136	12128	
-9180	-6184	12064	
-9228	-6236	12140	
-9212	-6180	12212	
-9268	-6272	12320	
-9264	-6244	12292	
-9308	-6404	12456	
-9328	-6452	12532	
-9416	-6404	12508	
-9408	-6448	12464	
-9420	-6536	12588	
-9464	-6500	12376	
-9488	-6452	12204	
-9456	-6456	12112	
-9468	-6380	12164	
-9316	-6356	12116	
-9460	-6288	12048	
-9340	-6176	11840	
-9308	-6180	11828	
-9320	-6216	11848	
-9332	-6192	11852	
-9372	-6172	11944	
-9456	-6288	11980	
-9476	-6280	11988	
-9620	-6316	11864	
-9608	-6220	11904	
-9572	-6336	11916	
-9732	-6276	11952	
-9704	-6280	11808	
-9704	-6264	11772	
-9740	-6160	11832	
-9732	-6240	11868	
-9624	-6148	12028	
-9772	-6108	11684	
-9676	-6196	11852	
-9536	-6060	11884	
-9504	-6232	11768	
-9468	-6232	11764	
-9520	-6220	12000	
-9568	-6344	11840	
-9640	-6432	12156	
-9760	-6540	12152	
-9780	-6596	12328	
-9872	-6548	12324	
-9976	-6644	12280	
-9844	-6708	12192	
-9872	-6656	12332	
-9888	-6688	12160	
-9872	-6596	12136	
-9872	-6572	12124	
-9832	-6520	12056	
-9728	-6436	11992	
-9688	-6348	12032	
-9520	-6220	11900	
-9460	-6204	11816	
-9500	-6244	11804	
-9436	-6192	12004	
-9232	-6300	11740	
-9364	-6216	11876	
-9156	-6060	11824	
-9176	-6236	11936	
-9384	-6156	12004	
-9364	-6216	12136	
-9272	-6172	12212	
-9344	-6176	11880	
-9336	-6132	12180	
-9380	-6192	12220	
-9340	-6192	11988	
-9328	-6184	12080	
-9388	-6168	12032	
-9176	-6156	11964	
-9252	-6184	11964	
-9156	-6124	11976	
-9224	-6104	11928	
-9164	-6196	11884	
-9132	-6216	11984	
-9188	-6220	12160	
-9320	-6296	12160	
-9284	-6332	12324	
-9312	-6308	12060	
-9452	-6408	12292	
-9364	-6364	12332	
-9432	-6372	12208	
-9524	-6376	12260	
-9472	-6348	12148	
-9560	-6340	12128	
-9540	-6436	12096	
-9620	-6544	12184	
-9608	-6636	12248	
-9612	-6556	12116	
-9620	-6488	12084	
-9740	-6576	12052	
-9724	-6600	12120	
-9836	-6656	12080	
-9772	-6564	12124	
-9848	-6652	12092	
-9876	-6524	11956	
-9924	-6612	12168	
-9840	-6468	11944	
-9872	-6456	12016	
-9868	-6360	11984	
-9740	-6408	11996	
-9832	-6316	11848	
-9704	-6228	11824	
-9664	-6288	11728	
-9564	-6232	11712	
-9552	-6164	11836	
-9480	-5940	11688	
-9376	-5988	11912	
-9376	-5992	11764	
-9356	-6068	11780	
-9424	-5976	11936	
-9288	-6004	11952	
-9308	-6060	11760	
-9316	-6000	11784	
-9308	-5964	11824	
-9288	-6092	11748	
-9284	-5988	11784	
-9352	-6036	11724	
-9428	-6068	11912	
-9472	-6176	12028	
-9460	-6192	12000	
-9572	-6284	11980	
-9608	-6276	12140	
-9784	-6332	12060	
-9696	-6408	12100	
-9716	-6440	12208	
-9744	-6388	12060	
-9688	-6468	11952	
-9720	-6352	12100	
-9664	-6356	12044	
-9648	-6288	12068	
-9544	-6196	11960	
-9388	-6224	11956	
-9500	-6304	11896	
-9492	-6204	11976	
-9420	-6176	11856	
-9392	-6244	12096	
-9336	-6272	12136	
-9432	-6284	11952	
-9372	-6392	11916	
-9452	-6360	11992	
-9508	-6384	12096	
-9592	-6360	12044	
-9532	-6428	12004	
-9608	-6464	12000	
-9648	-6460	12088	
-9576	-6468	12076	
-9568	-6488	12216	
-9572	-6532	12252	
-9616	-6464	12340	
-9468	-6516	12064	
-9512	-6428	12328	
-9496	-6336	12144	
-9500	-6412	12296	
-9416	-6408	12172	
-9324	-6276	12112	
-9392	-6404	12208	
-9424	-6240	12044	
-9436	-6148	12052	
-9392	-6216	12048	
-9452	-6116	11892	
-9364	-6120	11716	
-9296	-6020	11716	
-9428	-5984	11600	
-9428	-5988	11644	
-9352	-6008	11672	
-9408	-5984	11572	
-9388	-5832	11548	
-9448	-5988	11540	
-9432	-5796	11444	
-9376	-5884	11552	
-9304	-5888	11596	
-9404	-5916	11548	
-9380	-5892	11708	
-9404	-5908	11608	
-9536	-5956	11616	
-9544	-5956	11808	
-9524	-6140	11752	
-9592	-6124	12028	
-9648	-6192	12004	
-9540	-6208	12092	
-9588	-6204	12064	
-9652	-6272	12028	
-9728	-6340	11948	
-9696	-6280	12008	
-9744	-6324	12000	
-9692	-6368	11932	
-9632	-6380	11876	
-9636	-6372	11932	
-9600	-6412	11892	
-9648	-6316	11976	
-9672	-6288	11932	
-9648	-6352	12080	
-9540	-6364	12124	
-9580	-6332	12168	
-9544	-6368	12252	
-9456	-6384	12084	
-9452	-6296	12156	
-9448	-6404	12176	
-9552	-6456	12144	
-9484	-6492	12328	
-9524	-6472	12236	
-9480	-6516	12144	
-9580	-6512	12168	
-9632	-6580	12120	
-9612	-6488	12176	
-9636	-6612	12092	
-9524	-6512	12112	
-9528	-6556	12060	
-9492	-6444	12196	
-9416	-6448	11980	
-9456	-6428	11992	
-9368	-6388	11916	
-9340	-6368	11872	
-9476	-6348	11928	
-9316	-6364	11968	
-9312	-6228	12000	
-9276	-6352	12060	
-9272	-6224	11988	
-9372	-6248	12116	
-9356	-6256	11928	
-9296	-6276	11876	
-9340	-6148	12044	
-9192	-6252	12096	
-9440	-6308	11996	
-9332	-6320	11964	
-9316	-6324	12020	
-9428	-6324	12036	
-9528	-6388	11996	
-9504	-6324	12016	
-9424	-6400	12100	
-9536	-6452	12224	
-9620	-6480	12136	
-9512	-6492	12348	
-9556	-6496	12220	
-9516	-6508	12188	
-9548	-6540	12388	
-9668	-6512	12124	
-9692	-6584	12208	
-9692	-6564	12052	
-9728	-6540	12060	
-9724	-6480	12100	
-9744	-6532	12004	
-9712	-6408	12076	
-9712	-6596	12000	
-9744	-6532	11952	
-9688	-6528	11944	
-9848	-6436	12020	
-9748	-6456	11928	
-9772	-6380	11712	
-9668	-6412	11960	
-9628	-6468	11840	
-9648	-6388	11880	
-9596	-6304	11704	
-9616	-6348	11776	
-9656	-6276	11652	
-9624	-6308	11820	
-9664	-6332	11900	
-9636	-6380	11836	
-9772	-6456	11996	
-9628	-6424	11944	
-9744	-6476	12048	
-9708	-6496	12004	
-9816	-6516	12100	
-9804	-6520	12020	
-9820	-6428	12008	
-9860	-6480	11996	
-9740	-6640	11992	
-9684	-6456	12060	
-9676	-6444	12012	
-9512	-6436	11968	
-9512	-6472	12124	
-9548	-6364	12016	
-9412	-6324	12072	
-9428	-6464	12056	
-9408	-6372	11920	
-9352	-6364	11972	
-9340	-6396	11960	
-9456	-6348	11804	
-9452	-6364	12032	
-9428	-6404	11936	
-9524	-6348	11840	
-9560	-6384	11860	
-9460	-6384	12164	
-9360	-6384	11968	
-9400	-6424	11892	
-9484	-6384	11832	
-9432	-6360	11876	
-9552	-6348	11908	
-9488	-6348	11792	
-9468	-6400	11588	
-9492	-6348	11772	
-9392	-6368	11932	
-9512	-6352	11868	
-9616	-6392	11916	
