-3812	-12128	8448	
-3648	-12196	8596	
-3700	-12052	8520	
-3632	-12184	8656	
-3552	-12112	8844	
-3372	-12060	9168	
-3340	-12100	9124	
-3248	-12080	9232	
-3288	-12080	9456	
-3384	-12100	9656	
-3232	-12236	9872	
-3236	-12136	10052	
-3108	-12344	10280	
-3424	-12416	10416	
-3184	-12336	10412	
-3480	-12280	10448	
-3496	-12384	10508	
-3728	-12188	10468	
-3468	-12540	10720	
-3276	-12240	10784	
-3648	-12388	10740	
-4004	-12364	10804	
-3596	-12108	10872	
-3744	-11884	10536	
-3292	-12000	10732	
-3240	-12192	10684	
-3328	-11924	10796	
-3448	-11692	10448	
-3572	-11840	10332	
-3256	-11856	10388	
-3388	-11464	10288	
-3316	-11828	9964	
-3272	-11548	10100	
-3532	-11760	10204	
-3148	-11400	10088	
-3776	-11760	10036	
-3620	-11804	10088	
-3308	-11920	10128	
-3568	-11816	10020	
-3936	-12120	10360	
-3596	-11812	10288	
-3788	-11944	10272	
-3624	-11872	10332	
-3656	-11876	10140	
-3264	-11960	10324	
-3468	-11776	10264	
-3648	-11824	10168	
-3704	-11840	10188	
-3552	-11872	10152	
-3180	-11808	9968	
-3136	-11756	9884	
-3228	-11628	9804	
-3172	-11588	9828	
-3004	-11612	9728	
-3300	-11556	9836	
-3172	-11660	9932	
-3192	-11624	9864	
-3264	-11628	9820	
-3104	-11660	9796	
-3272	-11628	9876	
-3084	-11644	9856	
-3360	-11620	10116	
-3260	-11532	10120	
-3084	-11564	10048	
-3260	-11628	10396	
-3216	-11560	10044	
-3396	-11556	10096	
-3312	-11604	9964	
-3204	-11512	9968	
-3312	-11608	10060	
-3284	-11668	9944	
-3280	-11740	10052	
-3216	-11628	10116	
-3284	-11472	10220	
-3256	-11620	10160	
-3352	-11828	10380	
-3296	-11792	10296	
-3412	-11872	10396	
-3588	-12044	10628	
-3528	-12068	10680	
-3536	-12216	10868	
-3596	-12252	10964	
-3432	-12208	10844	
-3480	-12044	10748	
-3564	-12088	10940	
-3164	-12132	10844	
-3316	-12180	10880	
-3276	-11988	10888	
-3300	-12008	10880	
-3220	-12076	10704	
-3264	-12008	10824	
-3188	-12024	10772	
-3172	-12032	10744	
-3304	-12088	10764	
-3304	-12016	10628	
-3396	-12084	10652	
-3380	-12144	10792	
-3516	-12196	10924	
-3524	-12060	10928	
-3364	-12152	10844	
-3612	-12108	10924	
-3596	-12016	10944	
-3356	-11924	10976	
-3364	-11932	10864	
-3432	-11772	10816	
-3420	-11696	10768	
-3324	-11848	10888	
-3196	-11316	10868	
-3428	-12156	10956	
-3396	-11656	10868	
-3168	-11592	10328	
-2668	-11804	10580	
-3076	-11868	10800	
-3356	-11904	10944	
-3540	-11608	10884	
-3724	-12148	10632	
-3556	-12060	10888	
-3612	-11960	10468	
-3652	-12248	10532	
-2796	-12016	9676	
-3736	-12120	9552	
-4028	-11576	9956	
-3856	-11660	10228	
-3376	-11896	10236	
-3244	-12040	10336	
-3268	-12208	10244	
-3328	-12212	10604	
-3640	-12532	10232	
-3356	-12612	10332	
-4020	-11968	10080	
-2984	-12396	10016	
-4448	-13000	10248	
-3420	-11872	10460	
-4384	-13196	10372	
-4504	-12412	10280	
-4472	-12476	10216	
-4120	-12916	10188	
-4256	-11460	9900	
-4256	-13040	10040	
-4020	-11912	10100	
-4176	-12212	9808	
-3892	-12100	9836	
-3944	-12324	9968	
-4072	-12092	9884	
-3960	-12024	9908	
-3920	-12124	10040	
-3876	-12260	10268	
-3844	-12000	10216	
-3952	-11876	10204	
-3752	-11816	10204	
-3620	-12144	10160	
-3236	-12008	10548	
-4268	-12004	10760	
-3672	-11724	10708	
-4048	-11812	10680	
-4088	-11912	10780	
-4004	-11756	10756	
-3996	-11664	10516	
-3980	-11656	10400	
-3716	-11648	10496	
-3448	-11452	10188	
-4136	-11564	10300	
-3316	-11744	10456	
-3572	-11424	10340	
-3828	-11292	10260	
-3292	-11344	10216	
-3976	-11372	10304	
-2776	-11336	10496	
-3740	-11260	10012	
-3220	-11448	10300	
-3932	-10968	10172	
-3528	-11316	10084	
-3496	-11088	10228	
-3780	-11272	10212	
-3676	-11300	10244	
-3388	-11184	10308	
-3692	-11244	10252	
-3560	-11456	10344	
-3812	-11412	10168	
-3912	-11424	10336	
-4248	-11404	10096	
-3524	-11640	10296	
-3912	-11496	10248	
-3800	-11276	10216	
-4436	-11576	10244	
-4268	-11480	10324	
-3796	-11504	10104	
-3288	-11224	10108	
-3760	-11612	10276	
-4080	-11504	10200	
-3948	-11360	10068	
-3988	-11528	10248	
-3560	-11348	10164	
-3512	-11284	9920	
-4004	-11580	10016	
-4040	-11648	10312	
-3888	-11160	10224	
-4200	-11340	10100	
-3528	-11352	10344	
-3696	-11116	10176	
-3680	-11296	10196	
-3952	-11172	10432	
-3944	-11328	10288	
-3480	-11056	10512	
-3532	-11028	10328	
-3456	-11088	10388	
-3360	-11000	10524	
-3408	-10812	10436	
-3628	-10908	10736	
-3516	-11032	10648	
-3252	-10724	10576	
-3172	-10676	10628	
-3472	-10708	10596	
-3448	-10924	10872	
-3524	-10868	10832	
-3492	-11180	10892	
-3012	-10976	10748	
-3588	-10912	10572	
-3452	-11328	10896	
-3508	-10892	10708	
-3652	-11340	10792	
-3484	-11312	10872	
-3996	-11376	10912	
-3404	-11440	10928	
-3808	-11240	10588	
-3848	-11572	10516	
-3860	-11384	10648	
-3844	-11468	10408	
-3828	-11628	10360	
-3980	-11504	10372	
-3936	-11444	10212	
-4080	-11580	10320	
-4116	-11488	10316	
-4048	-11564	10044	
-4076	-11512	10008	
-3880	-11352	9992	
-3868	-11356	9888	
-3968	-11296	9948	
-4128	-11308	10100	
-3936	-11264	9960	
-4008	-11168	10172	
-3976	-11256	10024	
-3968	-11252	10172	
-3880	-11280	10156	
-3872	-11256	10064	
-3952	-11280	10116	
-3884	-11328	10064	
-3924	-11244	9924	
-3920	-11344	10052	
-4004	-11324	9968	
-3988	-11396	9832	
-4140	-11332	9852	
-4100	-11492	9768	
-4176	-11500	9852	
-4316	-11504	9976	
-4288	-11580	10076	
-4328	-11688	9952	
-4312	-11824	9932	
-4308	-11756	10228	
-4300	-11740	10264	
-4184	-11888	10276	
-4264	-11916	10240	
-4132	-11916	10236	
-4096	-11932	10272	
-4084	-11964	10312	
-4064	-12024	10084	
-4012	-11992	10104	
-3996	-11868	10024	
-3988	-11972	10268	
-3876	-11908	10236	
-3792	-11876	10268	
-3780	-11884	10168	
-3772	-11820	10288	
-4112	-11596	10240	
-3104	-11600	10300	
-4212	-11476	10160	
-3316	-11796	10288	
-3736	-11508	10248	
-3504	-11688	10292	
-3856	-11568	10216	
-4000	-11540	10360	
-4340	-11512	10396	
-3364	-11640	10292	
-4136	-11448	10188	
-3564	-11600	10312	
-4420	-11368	10328	
-4128	-11680	10088	
-4160	-11516	10352	
-4364	-11404	10188	
-4084	-11620	10176	
-4268	-11356	10096	
-4392	-11684	10152	
-3960	-11400	10228	
-4108	-11488	10112	
-4092	-11516	10168	
-4076	-11540	10224	
-3912	-11520	10172	
-4040	-11516	10160	
-4184	-11652	10164	
-4224	-11800	10192	
-4204	-11716	10320	
-4160	-11848	10456	
-4336	-11872	10656	
-4332	-11924	10752	
-4356	-12100	10848	
-4416	-12132	10960	
-4408	-12120	11024	
-4336	-12160	10944	
-4392	-12180	10856	
-4352	-12184	10952	
-4424	-12196	10568	
-4392	-12148	10612	
-4396	-12148	10348	
-4436	-12152	10560	
-4328	-12144	10492	
-4336	-12044	10592	
-4340	-12048	10384	
-4232	-11960	10260	
-4292	-12024	10260	
-4280	-11992	10180	
-4264	-11960	10132	
-4204	-11948	10228	
-4208	-11896	10388	
-4212	-11952	10372	
-4156	-11844	10412	
-4128	-11760	10488	
-4116	-11824	10464	
-4020	-11876	10616	
-4232	-11720	10708	
-4104	-11720	10584	
-4096	-11824	10720	
-4044	-11688	10848	
-3932	-11724	10788	
-4016	-11672	10856	
-4024	-11616	10772	
-3956	-11564	10840	
-3956	-11672	10956	
-3860	-11596	10664	
-3972	-11536	10696	
-3860	-11528	10560	
-3808	-11580	10560	
-3928	-11344	10548	
-3820	-11532	10484	
-3780	-11448	10352	
-3828	-11504	10316	
-3824	-11456	10532	
-3912	-11484	10372	
-3832	-11372	10372	
-3896	-11412	10532	
-3872	-11528	10652	
-3928	-11500	10664	
-3940	-11544	10576	
-3916	-11680	10788	
-3884	-11756	10740	
-3964	-11736	10700	
-3912	-11728	10668	
-4012	-11876	10604	
-3940	-11896	10776	
-3988	-11940	10620	
-3964	-11960	10776	
-3948	-11936	10776	
-3972	-11984	10880	
-4016	-11968	10700	
-3860	-11968	10724	
-4312	-13176	10676	
-3412	-11728	11464	
-3280	-12732	11192	
-4180	-11748	11304	
-3396	-12308	11504	
-3780	-12716	11988	
-5380	-12380	12004	
-4752	-12552	11676	
-3972	-12100	11352	
-4204	-11424	10984	
-3944	-12832	11376	
-4304	-12400	11776	
-4392	-12028	11444	
-3960	-11680	11120	
-3968	-11748	10964	
-4140	-11636	10816	
-3664	-11728	10672	
-3988	-11748	10644	
-3240	-11124	10328	
-3536	-11324	10304	
-3676	-11692	10844	
-3952	-12028	11148	
-4300	-11456	10876	
-4064	-11400	10332	
-4252	-11112	10264	
-3744	-10896	10024	
-3904	-11424	10048	
-3916	-11740	10320	
-3836	-11628	10848	
-3796	-11304	10736	
-3952	-11444	10844	
-3836	-11256	10572	
-4080	-11736	10684	
-3248	-11228	10356	
-4696	-11604	10156	
-3724	-11812	10508	
-4916	-11156	10460	
-4288	-11288	9880	
-3764	-11420	9968	
-4980	-11680	9964	
-5904	-8048	9476	
792	-21244	13148	
-3564	-7876	13744	
-4164	-9288	8796	
-2384	-12688	11384	
-5612	-12732	13540	
-5816	-12628	12724	
-5160	-12408	11972	
-4680	-11756	11084	
-4896	-12404	10692	
-5656	-12680	10656	
-5668	-12288	10848	
-5344	-12268	11012	
-4748	-11244	10340	
-4504	-11500	10176	
-4172	-11552	10240	
-3812	-11672	10396	
-3464	-11676	10716	
-2964	-11344	10804	
-3120	-11396	10784	
-3108	-11292	11068	
-3340	-11292	11072	
-3984	-11544	11244	
-4192	-11624	11144	
-4408	-11440	10976	
-4484	-11688	10648	
-4404	-11744	10840	
-4292	-11760	10784	
-4500	-11788	11152	
-4384	-11672	11000	
-4440	-11752	11112	
-3864	-11616	11104	
-3888	-11608	11028	
-3780	-11452	10948	
-3680	-11532	11100	
-3632	-11596	11096	
-3568	-11552	10952	
-3648	-11504	10988	
-3716	-11512	10856	
-3840	-11520	10984	
-3928	-11436	10656	
-3740	-11348	10720	
-3780	-11348	10724	
-3780	-11504	10640	
-3964	-11204	10564	
-3840	-11304	10456	
-3796	-11324	10540	
-4156	-11260	10508	
-3956	-11144	10328	
-3736	-11360	10256	
-3984	-11136	10580	
-4056	-11296	10500	
-3952	-11300	10508	
-3944	-11532	10504	
-4140	-11292	10612	
-4300	-11320	10576	
-4136	-11516	10360	
-4056	-11480	10480	
-4148	-11400	10684	
-4204	-11436	10364	
-4032	-11512	10472	
-4236	-11548	10524	
-4128	-11324	10496	
-3980	-11432	10472	
-3948	-11396	10272	
-4176	-11324	10324	
-4092	-11312	10540	
-3900	-11336	10588	
-3868	-11400	10456	
-3980	-11400	10572	
-4192	-11380	10516	
-4332	-11520	10608	
-4172	-11396	10428	
-4192	-11468	10308	
-4192	-11540	10376	
-4212	-11496	10224	
-4312	-11408	10392	
-4364	-11552	10280	
-4112	-11584	10464	
-4276	-11604	10512	
-4480	-11672	10676	
-4612	-11856	10692	
-4712	-11792	10600	
-4484	-11832	10784	
-4476	-11940	10784	
-4424	-11760	10952	
-4520	-11696	10808	
-4352	-11748	10548	
-4380	-11760	10572	
-4184	-11592	10464	
-4232	-11528	10412	
-4116	-11468	10412	
-4228	-11520	10304	
-4120	-11476	10092	
-4160	-11396	10104	
-4048	-11316	10296	
-4084	-11304	10064	
-4032	-11256	10052	
-4348	-11328	10140	
-4108	-11156	10096	
-4004	-11252	10104	
-3948	-11120	10252	
-3944	-11172	10124	
-4000	-11204	10012	
-4104	-11272	9972	
-3944	-10996	10052	
-3672	-11028	9880	
-3856	-10936	9844	
-3944	-11112	10024	
-4204	-11172	10032	
-3892	-11008	9892	
-3916	-10904	10000	
-3812	-10968	10112	
-4184	-11128	10212	
-4104	-11220	10152	
-4060	-11084	10164	
-4148	-10796	10052	
-4628	-11044	10040	
-3464	-11196	9888	
-3472	-11128	9976	
-3648	-11264	10348	
-3920	-11336	10652	
-3544	-11552	10600	
-3448	-11120	10632	
-3748	-11012	10468	
-3828	-11216	10376	
-4032	-11652	10572	
-3928	-11472	10604	
-4036	-11300	10360	
-4128	-11316	10376	
-3988	-11320	10320	
-4172	-11336	10292	
-4196	-11488	10384	
-4172	-11496	10516	
-4216	-11528	10272	
-4184	-11352	10248	
-4164	-11420	10228	
-4124	-11492	10544	
-4264	-11740	10560	
-4452	-11752	10816	
-4292	-11888	10848	
-4356	-11640	11048	
-4256	-11892	11080	
-4544	-11780	11260	
-4412	-11904	11080	
-4432	-11944	11236	
-4132	-11904	11140	
-4292	-11640	11016	
-4252	-12088	11176	
-4088	-11876	11160	
-4340	-11860	11564	
-4172	-11592	11508	
-4296	-11660	11408	
-4404	-11404	11560	
-4460	-11336	11412	
-4236	-11476	11372	
-4008	-11240	11496	
-3896	-10612	11580	
-4288	-11176	11288	
-3548	-10900	11260	
-3628	-11060	11104	
-3376	-10816	10976	
-3280	-10388	10632	
-3264	-10472	10824	
-1772	-11460	10784	
-3176	-9416	10028	
-2216	-9452	9384	
-2680	-9544	9328	
-2100	-11876	10240	
-2012	-10496	10920	
-1832	-10676	10064	
-2892	-9596	9372	
-4236	-9452	8856	
-4380	-9164	8480	
-3708	-10152	8604	
-11932	-6688	7480	
6592	-21688	14164	
-6516	-1252	10344	
-5776	-6908	3284	
-912	-13068	8196	
-4924	-11032	12276	
-5104	-11436	10248	
-4456	-9440	9420	
-6876	-9656	7868	
-4872	-10376	8024	
2572	-16164	12324	
-100	-11028	13420	
-6168	-9760	11492	
-3668	-10596	11500	
-3348	-10644	11544	
-4608	-11632	12540	
-5812	-12692	13612	
-6276	-11860	12172	
-4980	-10780	10420	
-3908	-11032	10076	
-4628	-11532	10528	
-5264	-11952	11156	
-5256	-11984	11532	
-4584	-11252	11356	
-3968	-11760	11444	
-3752	-11708	11916	
-3748	-11300	11636	
-3564	-11304	11496	
-3436	-11596	11796	
-3776	-11680	11888	
-3964	-11780	11920	
-4236	-11428	11736	
-4404	-11548	11688	
-4704	-11700	11528	
-4692	-11576	11404	
-4988	-11728	11484	
-5112	-11484	11176	
-4864	-11376	10888	
-4604	-11416	11000	
-4456	-11284	10852	
-4332	-11576	11156	
-4460	-11476	11252	
-4504	-11136	10992	
-4184	-11080	10980	
-4176	-11288	10996	
-4116	-10988	10896	
-4296	-11236	10956	
-4472	-10964	10900	
-4312	-11108	10748	
-4288	-11148	10896	
-4436	-11132	10960	
-4476	-11148	11116	
-4364	-11228	11076	
-4368	-11264	11184	
-4600	-11272	11368	
-4588	-11388	11380	
-4348	-11380	11548	
-4716	-11480	11816	
-4632	-11280	11884	
-4724	-11300	11772	
-4756	-11464	11888	
-4488	-11588	11836	
-4876	-11348	11804	
-4820	-11356	11736	
-4696	-11508	11876	
-4924	-11460	11644	
-4808	-11420	11612	
-4716	-11380	11632	
-4728	-11308	11560	
-4692	-11276	11384	
-4656	-11144	11332	
-4576	-11096	11360	
-4556	-10892	11156	
-4352	-10944	11172	
-4372	-10920	11284	
-4464	-10856	11040	
-4324	-10804	11004	
-4360	-10696	10884	
-4312	-10760	10820	
-4484	-10728	10836	
-4356	-10716	11080	
-4316	-10648	10888	
-4480	-10680	10992	
-4340	-10756	10916	
-4464	-10912	11132	
-4336	-10696	11088	
-4356	-10680	11208	
-4312	-10836	11240	
-4408	-10908	11300	
-4272	-10712	11292	
-4140	-10820	11228	
-4192	-10772	11168	
-4128	-10680	11172	
-4084	-10772	11040	
-4092	-10676	11124	
-4120	-10668	11108	
-4076	-10656	10936	
-4120	-10724	11136	
-4268	-10760	11212	
-4364	-10828	11188	
-4476	-10848	11296	
-4456	-10856	11288	
-4456	-10940	11480	
-4488	-10976	11292	
-4448	-10992	11252	
-4396	-10996	11392	
-4436	-10948	11328	
-4320	-11040	11192	
-4276	-10940	11160	
-4408	-10916	11308	
-4272	-10924	11304	
-4220	-11048	11408	
-4332	-10868	11328	
-4356	-11016	11364	
-4384	-10968	11204	
-4440	-11000	11268	
-4444	-10920	11360	
-4440	-10964	11144	
-4216	-10892	11124	
-4352	-10784	11096	
-4336	-10936	11080	
-4260	-10972	11040	
-4360	-10904	11136	
-4280	-10876	10968	
-4264	-10976	11036	
-4328	-10936	11096	
-4300	-10916	11052	
-4300	-10964	10952	
-4396	-10920	11000	
-4408	-10796	11208	
-4368	-10848	11092	
-4316	-10952	11096	
-4468	-10952	11052	
-4300	-10992	11156	
-4344	-10924	11084	
-4280	-10840	11080	
-4376	-10864	11028	
-4368	-10928	11168	
-4344	-10936	11136	
-4300	-10752	11084	
-4200	-10740	11116	
-4060	-10828	11104	
-4052	-10712	11032	
-4064	-10672	10940	
-4052	-10748	10988	
-3960	-10660	10928	
-4220	-10760	11268	
-3740	-10736	11196	
-4540	-11196	11644	
-4640	-10856	11624	
-4748	-10624	11244	
-4920	-9880	10956	
-4996	-11496	11004	
-5148	-11048	11324	
-4504	-10064	10140	
-5676	-12492	10940	
-4844	-10168	11300	
-3628	-10316	10132	
-4248	-10888	10580	
-5460	-10932	11148	
-4056	-10668	10628	
-3152	-10432	10516	
-3268	-10988	10732	
-3508	-10808	11124	
-3532	-10532	11316	
-2936	-9980	10640	
-3860	-11932	11180	
-3840	-10964	11640	
-3552	-10680	11260	
-3864	-10792	11108	
-4888	-10920	11136	
-4288	-10724	10920	
-4500	-10992	11128	
-4748	-11076	11324	
-5100	-11160	11300	
-4896	-11012	11556	
-5160	-11088	11532	
-5088	-11036	11464	
-5080	-11144	11568	
-4896	-11036	11484	
-4992	-11176	11584	
-4696	-10920	11524	
-4732	-10888	11220	
-4516	-10476	11172	
-4412	-10688	11180	
-4476	-10800	11288	
-4452	-10220	10948	
-4232	-10428	10456	
-3704	-10244	10408	
-3760	-10416	10572	
-3116	-10052	10504	
-5168	-11260	11156	
-3188	-8880	9684	
-3260	-10676	10452	
-3596	-10564	11128	
-4408	-10192	11036	
-4452	-10092	10864	
-3608	-9668	10432	
-4316	-10532	10928	
-4700	-10132	11112	
-4388	-10020	10824	
-4504	-10228	10880	
-4728	-10300	10988	
-4736	-10256	11188	
-4356	-10156	11016	
-4344	-10240	10888	
-4116	-10260	10828	
-4108	-10200	10868	
-3948	-10136	11004	
-4368	-10360	11076	
-4436	-10224	11012	
-4444	-10248	10964	
-4212	-10276	10876	
-4404	-10316	10824	
-4340	-10252	11020	
-4480	-10436	10932	
-4424	-10460	11104	
-4376	-10508	11308	
-3816	-10312	11372	
-4480	-10676	11600	
-4612	-10588	11744	
-4496	-10456	11608	
-4256	-10364	11368	
-4392	-10488	11424	
-4408	-10368	11440	
-4464	-10448	11352	
-4388	-10372	11272	
-4336	-10368	11384	
-4084	-10140	11288	
-4348	-10476	11484	
-4672	-10784	11840	
-4308	-10180	11432	
-4292	-10284	11772	
-5172	-10820	11940	
-5108	-10680	12184	
-5004	-10316	11708	
-5476	-10804	12180	
-5440	-10812	12028	
-4800	-10132	11828	
-5104	-11020	11664	
-5220	-10492	11596	
-4744	-10396	11312	
-4600	-10368	11412	
-4832	-10452	11284	
-4808	-10440	11304	
-4468	-10472	11512	
-4644	-10600	11716	
-4916	-10972	11812	
-4636	-9844	11716	
-4528	-10200	11352	
-4808	-10412	11596	
-4728	-10524	11676	
-4904	-10140	11452	
-5000	-10072	11328	
-4680	-9980	11284	
-4908	-10404	11468	
-4868	-9800	11400	
-4948	-9980	11492	
-4892	-10052	11464	
-4716	-10568	11624	
-4344	-9812	11944	
-4228	-10564	11592	
-4784	-10000	11912	
-4908	-10316	12304	
-4572	-10404	12780	
-4820	-10588	12668	
-5252	-10796	12796	
-5488	-10616	12596	
-5292	-10684	12492	
-5184	-10812	12376	
-5056	-10508	12364	
-5076	-10412	12512	
-5100	-10872	12700	
-4604	-10268	12420	
-4800	-10288	12268	
-4844	-10368	12348	
-4728	-9948	12040	
-4624	-10128	12212	
-4660	-10108	12128	
-4660	-10040	11928	
-4368	-9928	11896	
-4468	-9944	11716	
-4656	-9828	11768	
-4712	-9872	11816	
-4820	-9724	11724	
-4932	-9764	11712	
-4612	-9780	11704	
-4744	-9620	11608	
-4988	-9644	11440	
-5052	-9596	11552	
-5004	-9620	11696	
-4960	-9880	11560	
-5084	-9804	11716	
-4920	-9724	11784	
-5144	-9696	11740	
-4932	-9916	11828	
-4888	-9892	11884	
-4856	-10008	11800	
-4692	-10008	11940	
-4936	-9992	12184	
-4944	-9952	12372	
-4792	-10228	12628	
-4768	-9624	12420	
-4776	-10476	12576	
-4520	-10176	12940	
-4620	-10560	12852	
-5052	-10640	13168	
-4868	-10420	13272	
-4736	-10220	12932	
-4932	-10256	12744	
-4868	-10480	12676	
-4472	-10284	12724	
-4504	-10304	12400	
-4584	-10284	12596	
-4504	-10092	12424	
-4612	-10044	12448	
-4524	-10016	12448	
-4408	-9964	12276	
-4420	-9800	12420	
-4348	-9660	12244	
-4352	-9556	11928	
-4452	-9556	12060	
-4400	-9428	11964	
-4384	-9360	11944	
-4452	-9332	11680	
-4440	-9284	11648	
-4388	-9096	11520	
-4252	-9136	11380	
-4320	-9004	11464	
-4352	-9120	11504	
-4436	-9100	11568	
-4528	-9272	11620	
-4492	-9296	11840	
-4656	-9396	11920	
-4752	-9624	11880	
-4896	-9608	12016	
-5204	-9484	11740	
-4604	-9868	12176	
-5048	-8948	11368	
-5464	-9640	11560	
-5244	-9624	11636	
-4572	-9228	11596	
-5356	-9664	11668	
-5364	-9456	11652	
-5500	-8916	11312	
-5664	-9028	11200	
-5408	-9924	11172	
-5012	-9100	11312	
-4864	-8956	10960	
-4968	-9376	11356	
-4876	-8796	11480	
-4264	-9272	11420	
-3876	-9124	11552	
-3716	-9164	11592	
-3604	-8812	11976	
-3388	-9040	11860	
-3336	-9196	12060	
-3360	-9516	12468	
-4196	-9372	12672	
-3836	-9544	12608	
-4276	-9520	12696	
-4736	-9672	12780	
-5092	-9732	12792	
-5488	-9680	12576	
-5456	-9608	12632	
-5628	-9796	12568	
-5616	-9844	12824	
-5628	-9760	12728	
-5424	-9788	12696	
-5312	-9552	12784	
-5360	-9416	12420	
-5224	-9292	12488	
-5132	-9256	12384	
-5220	-9360	12656	
-4948	-8920	12292	
-4892	-9128	12396	
-4880	-8872	12296	
-5440	-8712	12048	
-4936	-9080	11884	
-4580	-9024	11856	
-4856	-8828	11928	
-4648	-8476	11700	
-5232	-8712	11944	
-5196	-8576	11896	
-3172	-8400	11976	
-4288	-9064	12588	
-4616	-8528	12832	
-5276	-9024	12684	
-5540	-8260	12652	
-3188	-8256	11800	
-4680	-8996	12672	
-4132	-8364	12392	
-5656	-8376	12380	
-4696	-8624	12312	
-4388	-9764	12964	
-4020	-7916	12772	
-3460	-7928	11800	
-4084	-8692	12256	
-5140	-8876	12400	
-4764	-9384	12832	
-4812	-8272	12768	
-3284	-8732	12028	
-4500	-8764	12732	
-5072	-9068	12692	
-5272	-9144	12932	
-4308	-9132	12716	
-4536	-8796	12600	
-4680	-8672	12516	
-5332	-8888	12496	
-5244	-8764	12496	
-5380	-8952	12632	
-5376	-9276	12740	
-5652	-8912	12852	
-4852	-8816	12588	
-4464	-8928	12496	
-4588	-8820	12652	
-4612	-8760	12652	
-4100	-8592	12656	
-3844	-8620	12564	
-3712	-8388	12572	
-3668	-8296	12476	
-3728	-8276	12532	
-3812	-8216	12736	
-3932	-8128	12640	
-3908	-8116	12884	
-4268	-8164	12936	
-4404	-8048	13076	
-4576	-8124	12992	
-4512	-8112	13012	
-4952	-8148	12956	
-4728	-8300	13068	
-4856	-8372	12996	
-5108	-8344	13012	
-5300	-8340	12996	
-5076	-8276	12968	
-5108	-8332	12812	
-5112	-8312	12788	
-4940	-8176	12824	
-5072	-8240	12616	
-4744	-8292	12680	
-4916	-8488	12816	
-4652	-8364	12924	
-4780	-8512	12916	
-4688	-8520	13040	
-4516	-8508	12952	
-4436	-8484	12880	
-4460	-8428	12956	
-4412	-8488	13076	
-4452	-8372	12952	
-4340	-8348	12996	
-4460	-8428	12848	
-4512	-8348	12800	
-4544	-8276	12636	
-4520	-8184	12536	
-4712	-8296	12744	
-4696	-8168	12340	
-4756	-8120	12460	
-4804	-8220	12324	
-4676	-8132	12204	
-4876	-8024	12240	
-4576	-8044	12212	
-4556	-7948	12244	
-4644	-7920	12276	
-4788	-7916	12196	
-4780	-7968	12304	
-4700	-7900	12448	
-4800	-7872	12328	
-4756	-7892	12436	
-4844	-7848	12252	
-4804	-7876	12300	
-4608	-7952	12092	
-4700	-7964	12284	
-4720	-7768	12236	
-4788	-7916	12220	
-4920	-7848	12368	
-4992	-8088	12392	
-5040	-7692	12396	
-5060	-7764	12316	
-4764	-8144	12676	
-4860	-8040	12964	
-5268	-8028	12888	
-5248	-7732	12812	
-4708	-8192	12972	
-4896	-8104	13004	
-5068	-8332	13020	
-5256	-8356	13132	
-5304	-8292	13324	
-5304	-8428	13364	
-5344	-8492	13660	
-5328	-8652	13812	
-5292	-8680	14060	
-5548	-8436	14260	
-5328	-8684	14340	
-5320	-8576	14384	
-5240	-8568	14396	
-5184	-8432	14224	
-5220	-8360	14088	
-5020	-8592	14104	
-4952	-8396	13992	
-5032	-8268	13796	
-5032	-8432	13660	
-5136	-8396	13784	
-5224	-8340	13688	
-5352	-8612	13756	
-5520	-8488	13604	
-5408	-8504	13532	
-5396	-8468	13544	
-5432	-8340	13428	
-5440	-8276	13372	
-5336	-8244	13148	
-5356	-8060	13052	
-5312	-8160	13152	
-5440	-7996	12992	
-5508	-7960	13140	
-5140	-7588	13176	
-5392	-8064	13260	
-5268	-7728	13232	
-5220	-7608	13012	
-5040	-7716	13256	
-5036	-7672	13100	
-5088	-7692	13244	
-5116	-7632	13444	
-4904	-7680	13972	
-4864	-7744	13984	
-4816	-7460	14104	
-4712	-7556	14012	
-4692	-7468	14112	
-4660	-7224	13812	
-4604	-7320	13640	
-4676	-7248	13544	
-4684	-7252	13536	
-5000	-7108	13344	
-5128	-7036	13240	
-5168	-6972	13100	
-5240	-7144	13108	
-5280	-7032	13148	
-5440	-7116	13188	
-5436	-7148	13232	
-5476	-6892	13196	
-5372	-6960	13164	
-5476	-7088	13040	
-5548	-6972	13080	
-5648	-6784	13124	
-5608	-6668	12952	
-5460	-6716	12940	
-5404	-6560	12980	
-5544	-6588	12784	
-5532	-6512	12716	
-5472	-6352	12688	
-5444	-6528	12792	
-5360	-6336	12948	
-5364	-6316	13056	
-5376	-6244	13072	
-5356	-6340	13112	
-5260	-6332	13200	
-5344	-6136	13060	
-5084	-6272	12972	
-5208	-6212	13076	
-4924	-6084	12948	
-5008	-6508	13352	
-5016	-6164	13324	
-5104	-6304	13204	
-5052	-6476	13532	
-5440	-6748	13644	
-5452	-6528	13796	
-5456	-6540	13836	
-5424	-6460	13712	
-5288	-6516	13604	
-5288	-6628	13768	
-5200	-6668	13712	
-5236	-6736	13648	
-5180	-6856	13740	
-5152	-6772	13708	
-5192	-6792	13612	
-5160	-6740	13680	
-5172	-6832	13716	
-5476	-6764	13444	
-5608	-6512	13724	
-5692	-6448	13576	
-5884	-6468	13712	
-5736	-6324	13740	
-5892	-6224	13804	
-6100	-6252	13816	
-6240	-6132	13744	
-6328	-6060	13564	
-6324	-6272	13424	
-6376	-6028	13044	
-6464	-6028	12788	
-6588	-5964	12600	
-6672	-6200	12652	
-6832	-6124	12880	
-6972	-6132	13116	
-7108	-6092	13096	
-7036	-6172	13436	
-7092	-6116	13420	
-7092	-6124	13572	
-7028	-6112	13564	
-7184	-6232	13784	
-7232	-6192	13912	
-7152	-6328	13800	
-7212	-6420	13760	
-7280	-6452	13744	
-7260	-6340	13712	
-7140	-6552	13740	
-7028	-6812	13868	
-7104	-6548	13768	
-7196	-6756	14036	
-7072	-6852	14172	
-7104	-7048	14368	
-7184	-7000	14564	
-7080	-7160	14684	
-6988	-7060	14968	
-6984	-6980	14892	
-6876	-7252	15160	
-6836	-7684	15636	
-6780	-7408	15904	
-6592	-6908	15616	
-6468	-7264	15560	
-6776	-7192	15700	
-6176	-7368	15560	
-6380	-6876	15504	
-6520	-6760	14952	
-5832	-6824	14672	
-5664	-6740	14908	
-6560	-6832	14652	
-5084	-6236	14156	
-4828	-5644	13932	
-5280	-6500	14088	
-6692	-7152	14976	
-4904	-6008	14748	
-4944	-5252	13016	
-5260	-6024	13856	
-5928	-5724	13920	
-4540	-5488	13912	
-5416	-6208	13880	
-5308	-5912	14156	
-6704	-6252	13912	
-5168	-5060	13360	
-3392	-5352	12948	
-5184	-5676	13632	
-6324	-5532	13812	
-5772	-5540	13596	
-6288	-5828	13556	
-6448	-5716	13416	
-5576	-5420	13100	
-5988	-5156	13064	
-5944	-4988	12892	
-5564	-5476	12964	
-5088	-5708	13584	
-5080	-5460	13612	
-4648	-5268	13496	
-4108	-6116	13260	
-4596	-5264	13400	
-4240	-5364	13632	
-4040	-4916	13704	
-3980	-5396	13872	
-4332	-5644	14280	
-4432	-5584	14852	
-4568	-5468	14932	
-4448	-5364	14756	
-5308	-5560	14780	
-5796	-5968	14964	
-5852	-5412	14912	
-6008	-6456	15160	
-6140	-6440	15260	
-6364	-6708	14976	
-6828	-6496	14652	
-6052	-6072	14784	
-5784	-5544	15000	
-5996	-5744	14812	
-5204	-5824	14804	
-5116	-6072	14412	
-4900	-6312	14256	
-5148	-6280	14204	
-5596	-6052	14228	
-5720	-5848	14208	
-6196	-5852	14164	
-6520	-5572	14292	
-5816	-5712	13792	
-5404	-5440	13828	
-4808	-5512	13564	
-4396	-5512	13408	
-4180	-5676	13412	
-4416	-5496	13512	
-4216	-5540	13740	
-4432	-5620	14036	
-4444	-5048	14100	
-4612	-5440	14016	
-4644	-5328	14056	
-4880	-5368	14116	
-5116	-5448	14168	
-5152	-5584	14116	
-5376	-5596	13980	
-5536	-5600	14052	
-5732	-5652	14084	
-5704	-5700	14176	
-5796	-5588	14368	
-5852	-5704	14252	
-5808	-5788	14204	
-5820	-5760	14348	
-5604	-5864	14368	
-5684	-5896	14584	
-5452	-6064	14640	
-5484	-5912	14560	
-5672	-5928	14556	
-5560	-5944	14636	
-5756	-6000	14536	
-5588	-6148	14368	
-5716	-6052	14568	
-5532	-5948	14440	
-5776	-5968	14516	
-5700	-6096	14460	
-5668	-6100	14488	
-5628	-6060	14492	
-5632	-6128	14456	
-5644	-6056	14428	
-5700	-6036	14536	
-5516	-6024	14612	
-5536	-5904	14732	
-5548	-5976	14820	
-5588	-5932	14952	
-5692	-5924	15068	
-5648	-5976	15112	
-5620	-5940	14876	
-5660	-5788	14880	
-5516	-5676	14752	
-5460	-5580	14780	
-5404	-5544	14584	
-5392	-5572	14436	
-5372	-5396	14404	
-5344	-5416	14244	
-5276	-5432	14116	
-5332	-5368	14116	
-5344	-5452	14212	
-5564	-5548	14268	
-5508	-5676	14472	
-5576	-5640	14544	
-5704	-5796	14860	
-5852	-5884	14968	
-5764	-5828	15256	
-5756	-5924	15244	
-5776	-5928	15256	
-5784	-6020	14960	
-5820	-5948	14868	
-5844	-6060	14768	
-5608	-5888	14608	
-5660	-5880	14436	
-5672	-5816	14484	
-5476	-5652	14376	
-5616	-5700	14188	
-5616	-5592	14136	
-5616	-5460	13824	
-5568	-5476	13920	
-5532	-5252	13724	
-5448	-5320	13672	
-5496	-5168	13572	
-5480	-5104	13604	
-5364	-5204	13600	
-5396	-5272	13504	
-5328	-5352	13584	
-5412	-5344	13744	
-5444	-5480	13732	
-5632	-5332	13912	
-5640	-5416	14028	
-5636	-5356	14184	
-5732	-5408	14308	
-5640	-5296	14592	
-5648	-5560	14672	
-5588	-5664	14948	
-5472	-5720	15332	
-5452	-5760	15356	
-5512	-5920	15452	
-5196	-6052	15520	
-5336	-6104	15448	
-5396	-6136	15412	
-5264	-6064	15256	
-5252	-6168	15444	
-5380	-6272	15484	
-5228	-6068	15692	
-5064	-6128	15792	
-5004	-6068	15616	
-4904	-6148	15616	
-4852	-6008	15512	
-4748	-5892	15292	
-4792	-5768	15144	
-4868	-5624	14924	
-4704	-5716	14940	
-4704	-5548	14640	
-4724	-5420	14548	
-4660	-5404	14296	
-4684	-5340	14184	
-4824	-5196	14004	
-4880	-5212	13748	
-4828	-5136	13452	
-4824	-5004	13464	
-4916	-5008	13456	
-4928	-4896	13260	
-4940	-4880	13232	
-4852	-4728	13104	
-4848	-4776	13148	
-4844	-4652	13188	
-4932	-4680	13160	
-4876	-4636	12916	
-4928	-4772	13216	
-4928	-4776	13020	
-5104	-4708	13072	
-5160	-4988	13112	
-5264	-5040	13208	
-5264	-5160	13444	
-5392	-5180	13708	
-5540	-5280	13872	
-5500	-5428	13716	
-5784	-5468	14232	
-5752	-5660	14316	
-5796	-5772	14308	
-6004	-5700	14380	
-5952	-5768	14380	
-5984	-5804	14496	
-6044	-5844	14632	
-6080	-5872	14772	
-6172	-5844	14820	
-6236	-5784	14836	
-6148	-5832	14844	
-6236	-5748	14576	
-6252	-5684	14692	
-6272	-5628	14508	
-6248	-5568	14520	
-6224	-5432	14440	
-6264	-5396	14408	
-6248	-5332	14364	
-6164	-5364	14188	
-6140	-5288	14140	
-6092	-5296	14392	
-6116	-5296	14264	
-6144	-5284	14316	
-6124	-5328	14212	
-6044	-5296	14324	
-6104	-5224	14192	
-5972	-5136	14048	
-5988	-5224	14060	
-5824	-5136	14108	
-5876	-5176	13808	
-5876	-5108	13904	
-5736	-5024	13840	
-5656	-5024	13696	
-5560	-5120	13756	
-5472	-4992	13676	
-5552	-4952	13584	
-5428	-5092	13520	
-5556	-5096	13668	
-5572	-5072	13560	
-5500	-5108	13524	
-5496	-5080	13516	
-5388	-5224	13544	
-5772	-5144	13740	
-5644	-5248	13792	
-5616	-5384	13968	
-5692	-5236	14068	
-5684	-5432	13960	
-5656	-5236	14324	
-5516	-5320	14020	
-5576	-5364	13972	
-5360	-5296	14128	
-5388	-5440	13964	
-5372	-5364	14180	
-5416	-5428	14068	
-5572	-5544	14128	
-5668	-5524	14256	
-5664	-5568	14428	
-5740	-5580	14248	
-5668	-5708	14420	
-5692	-5720	14508	
-5604	-5472	14336	
-5696	-5580	14552	
-5488	-5680	14444	
-5632	-5616	14460	
-5700	-5708	14416	
-5504	-5596	14596	
-5620	-5608	14504	
-5748	-5572	14604	
-5556	-5636	14584	
-5480	-5692	14548	
-5556	-5668	14584	
-5688	-5624	14620	
-5576	-5636	14704	
-5500	-5672	14592	
-5692	-5620	14628	
-5584	-5620	14652	
-5688	-5728	14596	
-5472	-5644	14568	
-5432	-5540	14616	
-5392	-5532	14508	
-5328	-5460	14376	
-5180	-5396	14448	
-5204	-5348	14400	
-5104	-5308	14412	
-5176	-5308	14196	
-5184	-5288	14368	
-5116	-5180	14344	
-5176	-5220	14400	
-5164	-5280	14180	
-5176	-5288	14144	
-5236	-5224	14292	
-5092	-5316	14236	
-5252	-5252	14180	
-5208	-5208	14312	
-5408	-5208	14268	
-5308	-5232	14356	
-5308	-5148	14276	
-5252	-5212	14268	
-5240	-5280	14136	
-5232	-5084	14088	
-5444	-5208	14132	
-5524	-5184	14068	
-5496	-5280	14020	
-5592	-5244	13976	
-5512	-5260	14164	
-5592	-5140	13952	
-5712	-5212	14076	
-5616	-5208	14080	
-5588	-5144	13992	
-5732	-5236	14072	
-5660	-5212	13952	
-5828	-5128	14148	
-5776	-5324	14316	
-5744	-5272	14204	
-5816	-5168	14356	
-5744	-5424	14196	
-5824	-5248	13944	
-5848	-5432	14040	
-5840	-5364	13936	
-5636	-5312	13980	
-5744	-5396	14040	
-5692	-5384	14104	
-5644	-5316	14048	
-5728	-5276	14032	
-5780	-5296	14104	
-5768	-5432	13852	
-5712	-5444	13976	
-5780	-5544	13912	
-5956	-5496	13928	
-5884	-5516	13760	
-5888	-5648	14092	
-5908	-5676	14132	
-5892	-5800	14240	
-5904	-5756	14408	
-5772	-5744	14492	
-5800	-5692	14624	
-5644	-5784	14648	
-5728	-5820	14576	
-5692	-5800	14588	
-5700	-5824	14652	
-5640	-5940	14684	
-5728	-5796	14596	
-5728	-5868	14544	
-5788	-5780	14592	
-5832	-5828	14496	
-5768	-5812	14640	
-5776	-5756	14560	
-5736	-5700	14592	
-5792	-5748	14544	
-5808	-5768	14512	
-5720	-5572	14504	
-5628	-5636	14540	
-5568	-5568	14284	
-5572	-5516	14328	
-5508	-5416	14424	
-5400	-5384	14316	
-5540	-5444	14384	
-5420	-5376	14192	
-5372	-5312	14316	
-5244	-5248	14216	
-5300	-5248	14244	
-5268	-5160	14076	
-5228	-5096	14232	
-5168	-5120	14128	
-5216	-5208	14116	
-5104	-5164	14124	
-5056	-5128	14160	
-5004	-5168	14100	
-5212	-5324	14164	
-5260	-5344	14192	
-5228	-5284	14128	
-5416	-5404	14168	
-5436	-5444	14060	
-5372	-5384	14116	
-5420	-5468	14188	
-5392	-5536	14136	
-5408	-5396	14204	
-5376	-5376	14068	
-5520	-5520	14288	
-5576	-5540	14364	
-5492	-5540	14224	
-5644	-5680	14340	
-5736	-5624	14212	
-5672	-5644	14356	
-5744	-5676	14380	
-5740	-5656	14464	
-5820	-5644	14428	
-5776	-5560	14484	
-5812	-5644	14384	
-5752	-5700	14320	
-5692	-5636	14164	
-5628	-5680	14156	
-5700	-5528	14016	
-5760	-5588	13948	
-5848	-5664	14084	
-5752	-5552	13940	
-5800	-5368	14132	
-5776	-5400	13884	
-5712	-5400	13996	
-5584	-5384	14052	
-5612	-5332	14000	
-5512	-5292	13972	
-5628	-5328	14108	
-5632	-5280	13960	
-5552	-5420	14116	
-5636	-5416	14112	
-5540	-5296	13992	
-5480	-5428	14164	
-5496	-5256	14116	
-5552	-5228	14188	
-5548	-5332	14080	
-5660	-5268	14124	
-5620	-5240	14132	
-5652	-5336	14368	
-5524	-5256	14212	
-5616	-5304	14232	
-5504	-5312	14068	
-5672	-5392	14108	
-5620	-5412	14228	
-5508	-5356	14328	
-5524	-5544	14324	
-5672	-5432	14420	
-5724	-5680	14420	
-5636	-5696	14672	
-5660	-5668	14464	
-5748	-5588	14552	
-5844	-5576	14460	
-5620	-5620	14512	
-5512	-5700	14620	
-5528	-5632	14524	
-5564	-5648	14448	
-5608	-5552	14484	
-5572	-5576	14488	
-5480	-5724	14220	
-5636	-5604	14316	
-5524	-5600	14020	
-5660	-5496	14116	
-5728	-5572	13984	
-5520	-5604	13940	
-5472	-5664	14212	
-5520	-5476	14388	
-5508	-5572	14308	
-5652	-5520	14416	
-5556	-5768	14348	
-5448	-5640	14420	
-5432	-5692	14292	
-5500	-5688	14280	
-5496	-5568	14340	
-5520	-5564	14272	
-5496	-5436	14404	
-5640	-5464	14240	
-5728	-5492	14312	
-5584	-5540	14360	
-5692	-5488	14212	
-5748	-5472	14192	
-5744	-5456	14108	
-5720	-5444	14152	
-5692	-5440	14036	
-5728	-5424	14096	
-5692	-5472	13924	
-5692	-5408	14144	
-5740	-5400	14056	
-5636	-5508	14100	
-5632	-5416	14196	
-5672	-5388	14176	
-5604	-5396	14244	
-5660	-5388	14280	
-5528	-5428	14164	
-5460	-5372	14060	
-5508	-5368	13912	
-5496	-5400	13936	
-5500	-5392	13896	
-5544	-5400	13900	
-5556	-5296	13992	
-5624	-5436	13896	
-5692	-5384	14084	
-5604	-5340	13964	
-5592	-5320	13880	
-5516	-5300	14068	
-5616	-5388	14088	
-5628	-5348	14116	
-5612	-5448	14148	
-5716	-5444	14212	
-5496	-5480	14092	
-5596	-5356	14176	
-5624	-5572	14196	
-5792	-5556	14300	
-5720	-5504	14216	
-5704	-5564	14288	
-5772	-5384	14208	
-5700	-5360	14256	
-5740	-5580	14340	
-5748	-5508	14108	
-5632	-5480	14192	
-5484	-5440	14216	
-5600	-5396	14200	
-5520	-5396	14200	
-5484	-5368	14188	
-5460	-5496	14280	
-5432	-5436	14260	
-5472	-5464	14348	
-5404	-5424	14204	
-5500	-5548	14356	
-5580	-5480	14316	
-5380	-5536	14448	
-5528	-5592	14504	
-5492	-5548	14332	
-5424	-5576	14428	
-5592	-5472	14188	
-5460	-5576	14308	
-5512	-5444	14180	
-5416	-5488	14232	
-5540	-5432	14008	
-5420	-5476	14084	
-5464	-5516	14016	
-5456	-5460	14036	
-5452	-5364	13936	
-5512	-5452	13896	
-5560	-5532	14104	
-5616	-5516	14236	
-5616	-5500	14276	
-5572	-5620	14160	
-5572	-5624	14384	
-5620	-5556	14320	
-5604	-5616	14488	
-5584	-5652	14412	
-5648	-5728	14440	
-5620	-5688	14360	
-5560	-5648	14352	
-5592	-5628	14400	
-5528	-5820	14340	
-5612	-5728	14372	
-5844	-5748	14332	
-5716	-5784	14172	
-5680	-5752	14164	
-5668	-5752	14388	
-5752	-5732	14464	
-5744	-5664	14312	
-5740	-5596	14164	
-5664	-5736	14168	
-5784	-5628	14352	
-5732	-5664	14004	
-5764	-5648	14068	
-5700	-5732	14032	
-5540	-5476	14136	
-5492	-5524	14148	
-5508	-5600	14072	
-5392	-5476	14132	
-5516	-5500	14216	
-5460	-5352	14188	
-5528	-5496	14204	
-5300	-5460	14196	
-5464	-5324	13980	
-5404	-5500	13988	
-5424	-5440	13960	
-5436	-5288	14056	
-5392	-5384	14000	
-5456	-5268	13944	
-5516	-5280	14016	
-5568	-5244	13972	
-5576	-5236	13936	
-5520	-5340	14044	
-5584	-5436	14088	
-5656	-5468	14224	
-5652	-5604	14384	
-5640	-5552	14316	
-5800	-5588	14424	
-5500	-5600	14424	
-5720	-5560	14396	
-5620	-5580	14408	
-5604	-5600	14424	
-5584	-5656	14164	
-5596	-5560	14308	
-5524	-5508	14320	
-5592	-5496	14224	
-5668	-5464	14160	
-5476	-5448	14128	
-5504	-5356	14084	
-5500	-5424	14164	
-5464	-5448	13976	
-5492	-5532	13948	
-5604	-5416	14004	
-5608	-5528	13996	
-5636	-5684	14068	
-5684	-5640	14048	
-5716	-5600	14108	
-5788	-5684	14252	
-5652	-5724	14356	
-5688	-5616	14268	
-5688	-5728	14440	
-5716	-5724	14396	
-5648	-5736	14424	
-5704	-5720	14424	
-5812	-5724	14440	
-5744	-5720	14476	
-5624	-5700	14404	
-5660	-5660	14416	
-5648	-5704	14476	
-5712	-5620	14428	
-5636	-5600	14332	
-5652	-5476	14276	
-5668	-5472	14004	
-5636	-5456	13976	
-5636	-5508	13928	
-5580	-5364	13852	
-5544	-5328	13676	
-5560	-5212	13688	
-5560	-5188	13788	
-5516	-5232	13680	
-5528	-5172	13660	
-5544	-5320	13876	
-5600	-5260	13904	
-5520	-5284	13864	
-5536	-5384	13952	
-5464	-5388	13932	
-5476	-5472	14004	
-5512	-5312	14160	
-5520	-5440	14012	
-5512	-5512	14172	
-5564	-5376	14172	
-5428	-5520	14184	
-5604	-5396	14172	
-5468	-5508	14172	
-5452	-5428	13988	
-5472	-5376	14220	
-5468	-5396	14024	
-5548	-5364	14032	
-5512	-5388	13812	
-5492	-5416	13960	
-5504	-5472	14084	
-5572	-5520	14156	
-5636	-5748	14184	
-5624	-5772	14268	
-5696	-5752	14364	
-5724	-5776	14448	
-5724	-5900	14524	
-5720	-5904	14644	
-5692	-5876	14692	
-5648	-5812	14560	
-5648	-5864	14576	
-5680	-5832	14572	
-5684	-5800	14536	
-5552	-5740	14484	
-5764	-5640	14448	
-5560	-5736	14256	
-5636	-5804	14252	
-5708	-5696	14316	
-5764	-5680	14180	
-5844	-5672	14288	
-5772	-5740	14112	
-5920	-5776	14296	
-5796	-5684	14284	
-5700	-5616	14220	
-5664	-5556	14244	
-5580	-5600	14276	
-5564	-5484	14188	
-5644	-5588	14124	
-5584	-5436	13860	
-5592	-5448	13888	
-5592	-5356	13912	
-5544	-5280	13848	
-5548	-5360	13816	
-5640	-5332	13924	
-5556	-5364	13828	
-5612	-5352	13860	
-5564	-5264	13956	
-5624	-5292	14092	
-5612	-5272	13952	
-5528	-5436	14116	
-5420	-5372	14000	
-5444	-5364	14016	
-5508	-5304	13952	
-5520	-5448	14104	
-5428	-5308	14108	
-5448	-5408	14184	
-5572	-5372	14144	
-5544	-5452	13920	
-5600	-5416	14188	
-5756	-5512	14212	
-5644	-5508	14288	
-5680	-5492	14364	
-5720	-5556	14376	
-5648	-5716	14480	
-5700	-5592	14420	
-5700	-5660	14372	
-5700	-5764	14340	
-5692	-5716	14536	
-5704	-5676	14408	
-5716	-5696	14316	
-5632	-5712	14404	
-5580	-5636	14336	
-5740	-5688	14292	
-5656	-5652	14236	
-5728	-5668	14188	
-5576	-5616	14220	
-5680	-5572	14224	
-5696	-5736	14172	
-5660	-5616	14156	
-5704	-5632	13992	
-5612	-5640	14132	
-5628	-5588	14116	
-5692	-5616	14052	
-5516	-5508	14056	
-5568	-5608	13984	
-5432	-5580	13944	
-5596	-5592	14144	
-5548	-5600	14040	
-5604	-5624	14308	
-5684	-5504	14312	
-5472	-5524	14292	
-5508	-5544	14384	
-5544	-5600	14384	
-5504	-5596	14180	
-5436	-5636	14228	
-5404	-5584	14188	
-5448	-5512	14240	
-5440	-5488	14180	
-5528	-5488	14212	
-5520	-5652	14208	
-5520	-5580	14128	
-5540	-5592	14244	
-5596	-5540	14120	
-5612	-5460	14244	
-5624	-5604	14216	
-5628	-5604	14024	
-5608	-5476	13912	
-5588	-5516	14112	
-5580	-5524	14056	
-5580	-5544	14028	
-5632	-5504	14032	
-5564	-5516	14088	
-5628	-5448	14024	
-5544	-5540	14096	
-5584	-5436	14180	
-5568	-5508	14192	
-5540	-5496	14148	
-5608	-5500	14116	
-5624	-5584	14104	
-5552	-5572	14236	
-5616	-5488	14196	
-5768	-5580	14200	
-5744	-5576	14088	
-5668	-5580	14152	
-5668	-5560	14072	
-5676	-5564	14036	
-5556	-5504	14292	
-5584	-5576	14292	
-5404	-5512	14236	
-5648	-5556	14148	
-5568	-5584	14224	
-5516	-5636	14240	
-5580	-5628	14088	
-5532	-5548	14100	
-5532	-5472	14100	
-5452	-5584	14172	
-5524	-5588	14092	
-5532	-5616	14032	
-5484	-5532	13912	
-5476	-5604	13900	
-5520	-5512	14012	
-5592	-5600	14052	
-5592	-5580	13936	
-5676	-5508	14124	
-5676	-5492	13892	
-5788	-5584	14116	
-5648	-5560	14160	
-5760	-5604	14220	
-5752	-5524	14244	
-5736	-5588	14340	
-5692	-5572	14328	
-5756	-5624	14372	
-5740	-5652	14396	
-5668	-5624	14236	
-5664	-5660	14056	
-5692	-5528	14016	
-5600	-5540	14092	
-5636	-5548	13984	
-5560	-5472	14060	
-5608	-5568	14300	
-5648	-5564	14128	
-5628	-5536	14212	
-5684	-5568	14276	
-5636	-5640	14268	
-5684	-5576	14232	
-5696	-5492	14208	
-5544	-5560	14164	
-5596	-5596	14196	
-5540	-5588	14240	
-5512	-5552	14404	
-5548	-5572	14288	
-5460	-5588	14260	
-5432	-5528	14220	
-5540	-5620	14196	
-5512	-5548	14188	
-5604	-5608	14172	
-5508	-5628	14248	
-5636	-5540	14212	
-5524	-5548	14052	
-5584	-5588	14028	
-5628	-5452	13996	
-5460	-5496	13948	
-5496	-5456	13908	
-5484	-5428	14136	
-5636	-5408	13984	
-5584	-5576	13976	
-5520	-5516	14000	
-5516	-5428	14000	
-5484	-5460	13908	
-5580	-5412	13880	
-5568	-5504	13896	
-5696	-5412	13976	
-5532	-5528	14028	
-5544	-5536	13920	
-5596	-5444	14192	
-5516	-5516	14024	
-5628	-5496	14256	
-5608	-5504	14184	
-5644	-5584	14140	
-5588	-5644	14240	
-5504	-5684	14148	
-5692	-5708	14196	
-5496	-5624	14284	
-5692	-5732	14252	
-5556	-5596	14508	
-5628	-5600	14352	
-5572	-5572	14236	
-5504	-5540	14244	
-5536	-5540	14248	
-5588	-5636	14268	
-5484	-5516	14120	
-5516	-5436	14088	
-5580	-5548	14032	
-5704	-5628	14080	
-5644	-5572	14064	
-5732	-5640	14100	
-5680	-5600	13984	
-5568	-5592	14016	
-5536	-5576	14172	
-5708	-5456	14120	
-5584	-5508	14168	
-5580	-5508	14108	
-5720	-5532	14168	
-5648	-5500	14132	
-5600	-5608	14104	
-5656	-5484	13992	
-5700	-5616	14068	
-5648	-5608	14012	
-5656	-5552	14020	
-5744	-5604	14024	
-5724	-5612	14260	
-5756	-5732	14192	
-5676	-5716	14132	
-5808	-5768	14228	
-5648	-5708	14220	
-5660	-5640	14292	
-5752	-5708	14228	
-5624	-5720	14164	
-5668	-5728	14128	
-5660	-5652	14256	
-5560	-5724	14024	
-5588	-5640	14008	
-5584	-5648	13912	
-5492	-5676	13996	
-5620	-5680	13920	
-5616	-5700	13936	
-5736	-5712	14208	
-5652	-5764	14320	
-5648	-5756	14256	
-5548	-5692	14268	
-5568	-5620	14388	
-5612	-5648	14240	
-5652	-5648	14132	
-5580	-5572	14268	
-5624	-5612	14000	
-5524	-5572	13844	
-5460	-5520	13976	
-5456	-5576	14080	
-5460	-5448	14040	
-5572	-5488	14096	
-5468	-5448	13964	
-5588	-5472	14120	
-5680	-5532	14260	
-5648	-5488	14204	
-5696	-5420	14312	
-5616	-5564	14220	
-5652	-5408	14348	
-5552	-5644	14392	
-5720	-5488	14376	
-5268	-5548	14416	
-5604	-5452	14360	
-5564	-5484	14248	
-5456	-5480	14160	
-5464	-5420	14088	
-5444	-5488	14004	
-5376	-5504	13960	
-5400	-5524	13856	
-5512	-5572	13960	
-5476	-5488	13976	
-5496	-5564	13912	
-5536	-5436	13840	
-5568	-5520	14068	
-5760	-5616	14032	
-5608	-5632	14104	
-5620	-5600	14180	
-5652	-5608	14200	
-5568	-5628	14268	
-5664	-5684	14244	
-5684	-5692	14276	
-5504	-5668	14368	
-5548	-5700	14320	
-5584	-5624	14328	
-5588	-5768	14244	
-5688	-5732	14188	
-5708	-5812	14180	
-5768	-5848	14188	
-6004	-5776	14168	
-5852	-5840	13984	
-5916	-5776	14216	
-5860	-5736	14220	
-5812	-5832	14284	
-5760	-5716	14324	
-5856	-5780	14312	
-5736	-5796	14360	
-5816	-5676	14268	
-5872	-5872	14172	
-5744	-5768	14188	
-5808	-5824	14204	
-5860	-5788	14136	
-5844	-5776	14152	
-5852	-5712	14096	
-5716	-5572	14052	
-5740	-5576	14020	
-5696	-5472	14016	
-5700	-5592	14132	
-5560	-5568	14124	
-5480	-5536	13900	
-5476	-5456	13928	
-5516	-5460	13936	
-5480	-5392	13836	
-5528	-5508	14000	
-5464	-5460	13936	
-5540	-5496	14132	
-5416	-5448	14128	
-5376	-5656	14372	
-5388	-5576	14228	
-5360	-5588	14340	
-5340	-5708	14276	
-5228	-5700	14264	
-5284	-5672	14484	
-5312	-5576	14316	
-5264	-5644	14452	
-5236	-5636	14260	
-5280	-5504	14188	
-5300	-5548	14264	
-5340	-5680	14196	
-5376	-5628	14220	
-5448	-5652	14228	
-5396	-5604	14072	
-5444	-5464	14152	
-5392	-5632	14168	
-5384	-5684	14364	
-5344	-5692	14308	
-5392	-5752	14360	
-5424	-5648	14396	
-5380	-5672	14388	
-5500	-5756	14220	
-5584	-5708	14200	
-5528	-5756	14180	
-5532	-5712	14120	
-5628	-5644	13996	
-5708	-5616	13984	
-5652	-5448	13980	
-5764	-5564	13896	
-5744	-5624	13876	
-5716	-5616	13972	
-5732	-5640	13964	
-5628	-5528	13868	
-5728	-5620	14032	
-5676	-5572	14040	
-5712	-5496	14180	
-5692	-5712	14120	
-5636	-5472	14140	
-5736	-5544	14224	
-5808	-5576	14160	
-5844	-5668	14340	
-5804	-5700	14244	
-5928	-5768	14100	
-6004	-5736	14084	
-5908	-5740	14280	
-6012	-5776	14188	
-5980	-5760	14248	
-5980	-5804	14320	
-5712	-5736	14140	
-5640	-5828	14164	
-5716	-5748	14012	
-5756	-5744	14128	
-5696	-5756	14184	
-5668	-5684	14172	
-5636	-5672	14104	
-5672	-5612	14320	
-5668	-5716	14172	
-5584	-5740	14244	
-5724	-5660	14072	
-5496	-5660	14248	
-5612	-5668	14116	
-5660	-5644	14160	
-5548	-5636	14168	
-5584	-5612	14076	
-5644	-5584	13884	
-5584	-5488	13888	
-5496	-5508	13988	
-5440	-5432	14076	
-5460	-5256	13848	
-5416	-5424	14040	
-5404	-5380	14072	
-5364	-5432	14192	
-5368	-5480	14172	
-5392	-5476	13904	
-5336	-5576	14224	
-5316	-5596	14196	
-5268	-5640	14436	
-5344	-5560	14236	
-5288	-5604	14180	
-5320	-5568	14284	
-5356	-5564	14304	
-5408	-5532	14232	
-5436	-5616	14152	
-5332	-5544	14192	
-5516	-5572	14028	
-5472	-5604	14204	
-5484	-5636	14008	
-5548	-5676	14152	
-5496	-5716	14336	
-5540	-5760	14276	
-5616	-5836	14432	
-5648	-5732	14352	
-5696	-5880	14480	
-5668	-5840	14356	
-5656	-5920	14404	
-5740	-5940	14296	
-5788	-6032	14360	
-5748	-5924	14276	
-5936	-5920	14184	
-5808	-5876	14304	
-5800	-5820	14256	
-5816	-5824	14244	
-5860	-5896	14308	
-5884	-5868	14192	
-5900	-5852	14228	
-5756	-5708	14016	
-5808	-5652	14020	
-5820	-5608	14152	
-5692	-5612	13932	
-5812	-5648	13864	
-5780	-5472	13824	
-5704	-5460	13840	
-5552	-5412	13836	
-5588	-5388	13944	
-5560	-5392	13900	
-5392	-5256	14032	
-5508	-5436	13896	
-5332	-5372	13896	
-5408	-5300	13988	
-5468	-5320	13960	
-5388	-5388	14000	
-5464	-5244	13836	
-5456	-5364	14044	
-5588	-5472	13908	
-5560	-5536	14040	
-5564	-5364	13852	
-5496	-5472	14104	
-5724	-5580	13832	
-5720	-5584	13924	
-5720	-5588	13956	
-5660	-5640	14180	
-5780	-5728	14088	
-5684	-5712	14268	
-5680	-5660	14316	
-5748	-5672	14204	
-5760	-5744	14288	
-5716	-5804	14296	
-5648	-5700	14296	
-5632	-5648	14256	
-5560	-5644	14172	
-5580	-5600	14252	
-5572	-5668	14120	
-5576	-5644	14200	
-5536	-5592	14036	
-5512	-5692	14060	
-5580	-5800	14180	
-5596	-5820	13980	
-5608	-5724	14028	
-5724	-5796	14136	
-5580	-5824	14136	
-5716	-5820	14432	
-5584	-5808	14340	
-5672	-5776	14228	
-5612	-5860	14340	
-5516	-5644	14388	
-5544	-5660	14360	
-5556	-5712	14388	
-5468	-5636	14192	
-5520	-5648	14180	
-5396	-5660	14152	
-5436	-5624	14064	
-5500	-5616	13924	
-5572	-5568	14168	
-5476	-5424	14044	
-5456	-5532	14068	
-5552	-5476	13948	
-5464	-5436	13912	
-5440	-5508	13968	
-5484	-5452	14000	
-5408	-5380	13820	
-5556	-5424	13836	
-5512	-5432	13792	
-5592	-5432	13728	
-5668	-5316	13664	
-5628	-5256	13812	
-5604	-5372	13672	
-5692	-5288	13672	
-5684	-5320	13736	
-5636	-5188	13636	
-5712	-5264	13580	
-5564	-5244	13536	
-5720	-5308	13624	
-5616	-5320	13616	
-5692	-5440	13752	
-5836	-5468	13832	
-5740	-5496	13952	
-5804	-5584	14020	
-5780	-5516	13972	
-5856	-5588	14200	
-5772	-5736	14140	
-5768	-5688	14176	
-5756	-5704	14184	
-5836	-5764	14388	
-5740	-5792	14432	
-5668	-5848	14392	
-5740	-5864	14516	
-5656	-5756	14344	
-5584	-5760	14484	
-5676	-5812	14460	
-5672	-5736	14452	
-5592	-5844	14408	
-5540	-5764	14384	
-5432	-5792	14424	
-5520	-5812	14404	
-5536	-5744	14164	
-5416	-5768	14208	
-5500	-5644	14148	
-5572	-5728	14064	
-5592	-5652	14144	
-5492	-5736	14060	
-5660	-5752	14068	
-5704	-5848	14132	
-5520	-5800	13996	
-5644	-5792	14088	
-5572	-5800	14016	
-5608	-5780	14116	
-5544	-5820	14184	
-5552	-5692	14300	
-5552	-5688	14116	
-5396	-5648	14260	
-5464	-5640	14120	
-5404	-5592	14176	
-5452	-5644	14216	
-5484	-5620	14100	
-5556	-5668	14068	
-5492	-5572	14008	
-5516	-5468	13992	
-5344	-5544	14032	
-5424	-5608	13968	
-5448	-5556	13980	
-5584	-5576	13900	
-5444	-5608	14032	
-5548	-5636	14228	
-5500	-5584	14272	
-5428	-5656	14252	
-5488	-5648	14360	
-5492	-5788	14240	
-5524	-5764	14360	
-5508	-5748	14268	
-5472	-5840	14216	
-5488	-5868	14224	
-5556	-5684	14308	
-5592	-5904	14328	
-5648	-5884	14148	
-5696	-5940	14300	
-5692	-5928	14448	
-5668	-5848	14332	
-5736	-5888	14416	
-5652	-5820	14244	
-5592	-5796	14176	
-5676	-5800	14188	
-5700	-5744	14008	
-5784	-5744	13972	
-5744	-5768	13972	
-5800	-5776	13884	
-5740	-5760	13888	
-5876	-5752	14296	
-5804	-5728	13972	
-5844	-5832	13960	
-5868	-5648	14224	
-5744	-5668	14000	
-5768	-5668	14020	
-5772	-5736	13984	
-5724	-5656	14080	
-5720	-5672	14072	
-5736	-5512	14136	
-5772	-5668	14140	
-5640	-5692	14196	
-5728	-5808	13920	
-5760	-5732	14068	
-5808	-5744	14152	
-5860	-5828	14168	
-5844	-5788	14372	
-5836	-5808	14304	
-5612	-5904	14400	
-5640	-5804	14436	
-5556	-5824	14532	
-5560	-5820	14424	
-5424	-5816	14360	
-5472	-5680	14280	
-5424	-5728	14132	
-5444	-5660	14004	
-5396	-5624	13960	
-5472	-5624	13948	
-5468	-5604	13864	
-5468	-5528	13700	
-5640	-5632	13872	
-5680	-5620	14044	
-5616	-5768	14116	
-5592	-5640	14140	
-5552	-5596	14048	
-5388	-5728	14116	
-5424	-5700	14108	
-5388	-5700	14244	
-5436	-5824	14116	
-5544	-5716	14152	
-5560	-5740	14188	
-5588	-5688	14244	
-5676	-5804	14180	
-5756	-5700	14200	
