a/g:	-3156	-13088	10592	-78	-21	-247
a/g:	-3644	-13672	10712	22	243	41
a/g:	-3844	-12140	9932	54	228	106
a/g:	-3696	-11520	9904	-344	145	103
a/g:	-3888	-12536	10216	-449	51	8
a/g:	-3884	-13496	10872	-257	76	-50
a/g:	-3808	-12396	10236	-90	357	136
a/g:	-3420	-11708	9856	-157	154	16
a/g:	-3756	-12340	10408	-496	75	42
a/g:	-3964	-12980	10588	-212	219	-27
a/g:	-3732	-12408	10196	-18	296	3
a/g:	-3776	-11836	10152	-262	283	51
a/g:	-3748	-12284	10272	-307	127	20
a/g:	-3944	-12912	10452	-378	25	-78
a/g:	-3900	-12436	10180	-170	313	79
a/g:	-3872	-11996	10044	-372	217	51
a/g:	-3756	-12532	10336	-530	51	30
a/g:	-3924	-12760	10364	-523	-6	-134
a/g:	-3592	-12404	10276	-218	134	-61
a/g:	-3688	-12192	10152	-385	203	60
a/g:	-3696	-12608	10576	-340	288	83
a/g:	-3968	-12680	10056	45	590	162
a/g:	-3736	-12200	10116	-65	395	75
a/g:	-3740	-11896	9976	-554	61	4
a/g:	-3916	-12408	10160	-766	72	7
a/g:	-3636	-12812	10540	-368	16	-103
a/g:	-3808	-12472	10128	-19	341	17
a/g:	-3772	-12072	10140	-246	261	-3
a/g:	-3732	-12448	10112	-399	66	-84
a/g:	-3580	-12924	10416	-76	184	-46
a/g:	-3696	-12188	10168	-213	271	49
a/g:	-3916	-12084	10108	-332	136	37
a/g:	-3924	-12468	10044	-350	81	-15
a/g:	-3720	-12664	10440	-275	180	-15
a/g:	-3820	-12516	10268	-253	183	43
a/g:	-3776	-12336	10084	-261	235	40
a/g:	-3984	-12328	10056	-454	-24	-30
a/g:	-3960	-12240	10172	-988	-282	55
a/g:	-3688	-12376	9796	-3006	101	345
a/g:	-4768	-12900	10184	-3941	-1396	412
a/g:	-2608	-14700	13252	-1989	-652	415
a/g:	-3944	-11628	9316	-356	309	605
a/g:	-4456	-12548	9592	-232	-590	-60
a/g:	-3668	-14020	10652	1077	85	-118
a/g:	-2200	-14604	12020	4559	3413	-215
a/g:	-2664	-11860	10032	5235	6042	390
a/g:	-3420	-8388	7412	3303	4099	649
a/g:	-7232	-10428	6548	-5610	-2792	216
a/g:	-4376	-12376	9328	-8457	-5783	-1207
a/g:	-2172	-18504	14232	120	1084	-461
a/g:	-1700	-14784	10944	94	155	53
a/g:	-2596	-13720	10436	1241	2524	794
a/g:	-2808	-13328	11244	5847	5370	442
a/g:	-5836	-9688	7484	4148	4178	256
a/g:	-7016	-10992	8024	-986	480	242
a/g:	-4320	-13472	10828	-1146	38	207
a/g:	-4036	-12432	10272	-956	83	390
a/g:	-3464	-11356	10128	-498	-37	66
a/g:	-3744	-11592	10072	-518	-544	-71
a/g:	-4196	-13312	10648	-379	-132	13
a/g:	-4116	-12664	10172	-247	352	55
a/g:	-4048	-11976	10024	-223	222	189
a/g:	-4024	-12568	10128	-1731	175	861
a/g:	-4240	-12872	10188	-1881	568	717
a/g:	-4444	-12016	10300	-1476	255	498
a/g:	-4156	-12132	9908	-960	402	711
a/g:	-4444	-13280	9192	-3124	1317	1758
a/g:	-4532	-14100	11280	-2440	2153	1636
a/g:	-4760	-11672	9336	-1677	1568	1141
a/g:	-4452	-11244	9764	-1206	449	469
a/g:	-4584	-11724	9880	-423	-537	-278
a/g:	-5328	-14240	9368	-2986	232	1074
a/g:	-4620	-14812	10724	-2773	1460	1621
a/g:	-4764	-13740	11192	-834	331	336
a/g:	-2976	-10508	9236	-908	237	10
a/g:	-5072	-10680	8420	-153	-527	-196
a/g:	-4704	-14252	10416	547	150	-20
a/g:	-4540	-14388	10244	2484	976	794
a/g:	-4748	-11984	8136	1540	1350	630
a/g:	-4760	-11380	8848	50	168	98
a/g:	-4860	-13144	9920	2091	729	378
a/g:	-4860	-14512	10328	2924	1498	880
a/g:	-3000	-15752	12640	5343	4052	-87
a/g:	-3796	-14688	15672	17890	18341	990
a/g:	-6156	-14024	11108	32767	123	1031
a/g:	-9316	-2708	-620	11483	6085	-1151
a/g:	-8432	-7568	9168	-4375	1825	540
a/g:	-7200	-10692	12844	-6489	-1248	-374
a/g:	-7028	-11336	13776	-3848	-2612	-602
a/g:	-5020	-10100	12368	781	-791	-974
a/g:	-5972	-9464	11316	769	-267	-487
a/g:	-6264	-9900	11648	55	211	-50
a/g:	-5256	-11448	14316	2072	481	-309
a/g:	-5728	-8244	10388	4256	2051	-1071
a/g:	-7072	-7316	9192	-656	72	-482
a/g:	-6124	-11368	13596	-582	590	-183
a/g:	-6752	-11240	13640	2770	1019	-206
a/g:	-6696	-9528	11288	2338	510	167
a/g:	-6424	-9060	11772	645	-226	537
a/g:	-5864	-8940	12236	381	-473	-50
a/g:	-5376	-8796	11632	119	285	28
a/g:	-6416	-9632	12112	-25	271	270
a/g:	-6992	-9928	12220	-915	-46	734
a/g:	-6192	-10076	13240	-552	-238	725
a/g:	-6200	-9128	12316	171	-169	500
a/g:	-5748	-8920	11788	-304	115	561
a/g:	-5864	-9368	12552	-400	465	806
a/g:	-6636	-9628	12156	-522	173	741
a/g:	-6476	-9776	12632	-166	-177	1068
a/g:	-5728	-8732	12164	-6	185	685
a/g:	-5920	-8328	11596	-217	212	199
a/g:	-5804	-9204	12468	-560	579	172
a/g:	-6904	-9536	12444	-323	415	235
a/g:	-6732	-9820	12692	-198	16	292
a/g:	-6300	-9088	12156	395	187	157
a/g:	-5756	-8728	11996	809	780	18
a/g:	-6300	-9156	12232	351	525	-64
a/g:	-6592	-9456	12592	57	471	64
a/g:	-6684	-9032	12148	174	157	-56
a/g:	-6256	-8804	12316	-106	8	-68
a/g:	-6420	-8716	12152	-243	68	-125
a/g:	-6268	-9156	12348	-264	-69	-180
a/g:	-6376	-9856	12824	399	256	-238
a/g:	-6232	-9280	12424	269	307	30
a/g:	-6296	-8728	12080	-40	231	56
a/g:	-6312	-8648	12060	-291	454	192
a/g:	-6520	-8924	12392	-253	52	-43
a/g:	-6408	-9052	12216	-327	-13	15
a/g:	-6460	-9100	12388	-397	-151	-19
a/g:	-6176	-9216	12664	-307	105	40
a/g:	-6344	-8880	12360	-303	262	1
a/g:	-6448	-9140	12420	-205	174	-55
a/g:	-6420	-9384	12540	-238	31	53
a/g:	-6244	-8920	12348	-67	92	46
a/g:	-6300	-8880	12292	-311	107	-15
a/g:	-6268	-9252	12588	-28	223	-22
a/g:	-6588	-9232	12820	109	82	4
a/g:	-6420	-8872	12300	88	146	-54
a/g:	-6232	-8696	12092	-183	393	37
a/g:	-6628	-9208	12516	-333	284	78
a/g:	-6468	-9136	12516	-101	340	103
a/g:	-6416	-8752	12248	-143	119	126
a/g:	-6376	-8788	12200	-244	64	34
a/g:	-6560	-8868	12200	-629	-126	-60
a/g:	-6668	-9108	12424	-650	-467	-97
a/g:	-6256	-8784	12044	-947	-995	-72
a/g:	-6096	-8860	12368	-1080	-540	-101
a/g:	-5776	-9696	12924	-2	55	-134
a/g:	-6524	-9208	12532	-163	128	14
a/g:	-6212	-8516	11864	-239	195	29
a/g:	-6600	-8560	11896	-839	-405	-84
a/g:	-5704	-9784	13204	-506	-460	-85
a/g:	-6172	-9468	12820	-15	32	-6
a/g:	-6040	-8740	12032	-305	357	-42
a/g:	-6260	-8800	12108	-719	215	-96
a/g:	-6312	-9920	13260	-649	39	54
a/g:	-6060	-9288	12440	-103	166	17
a/g:	-6012	-8800	12308	-346	224	-6
a/g:	-5992	-8952	12204	-440	148	-120
a/g:	-6456	-9456	12340	-322	45	22
a/g:	-6024	-9340	12676	-155	119	34
a/g:	-6056	-8768	12100	-405	79	-33
a/g:	-6244	-9032	12400	-373	218	-55
a/g:	-6328	-9408	12572	-329	225	-6
a/g:	-6200	-9268	12676	-263	92	6
a/g:	-6268	-9136	12356	62	345	-12
a/g:	-6052	-8748	12124	-318	239	-59
a/g:	-6092	-9172	12532	-456	129	-33
a/g:	-6496	-9444	12536	-302	166	108
a/g:	-5880	-9348	12740	-64	238	56
a/g:	-6232	-9004	12376	-54	267	-1
a/g:	-6344	-8776	12032	-225	237	-3
a/g:	-6276	-9348	12688	-209	103	-27
a/g:	-6288	-9324	12744	-394	-21	77
a/g:	-6076	-8948	12176	39	335	16
a/g:	-5844	-9052	12400	-185	87	27
a/g:	-6480	-8772	12076	-528	-97	-18
a/g:	-6276	-9360	12948	-192	138	-81
a/g:	-6140	-9532	12744	0	181	2
a/g:	-6144	-8976	12280	43	273	85
a/g:	-6300	-8700	12116	-402	199	-32
a/g:	-6440	-8984	12308	-491	95	0
a/g:	-6132	-9344	12628	-349	18	6
a/g:	-6112	-9004	12184	-418	83	-16
a/g:	-6112	-8780	12268	-595	63	0
a/g:	-6324	-9260	12468	-674	18	-58
a/g:	-6360	-9212	12272	-803	-104	-60
a/g:	-6284	-8988	11928	-1193	-443	-101
a/g:	-9892	-8832	9904	-3148	-3418	37
a/g:	-2328	-9348	11796	-6272	-8327	-1702
a/g:	-3672	-12480	14920	-90	-2711	-205
a/g:	-4944	-10940	12944	-836	1258	2321
a/g:	-5300	-11840	16848	-2878	4250	4624
a/g:	-5116	-9104	13356	2819	3516	1483
a/g:	-3844	-3932	8100	2778	1585	-437
a/g:	-7096	-9208	12648	2592	6971	42
a/g:	-9472	-8688	8484	-3226	-2702	-714
a/g:	-7772	-10456	12612	-3417	-4112	-1215
a/g:	-2836	-11004	10096	-1370	-1022	-3100
a/g:	-2224	-12196	15800	-373	1709	781
a/g:	-5192	-12652	14920	523	2398	1574
a/g:	-3432	-8784	12292	3102	3502	771
a/g:	-5440	-6344	10060	1205	2674	409
a/g:	-7564	-8264	11180	-314	2201	89
a/g:	-7676	-10172	12756	-256	61	-229
a/g:	-6004	-10340	13276	715	-595	-265
a/g:	-4792	-8792	12468	808	47	-184
a/g:	-4924	-8272	12024	302	587	-240
a/g:	-6336	-10136	13200	-90	888	79
a/g:	-6780	-9852	12640	97	594	228
a/g:	-5988	-8468	11816	402	182	61
a/g:	-5540	-8772	12352	-460	-304	-192
a/g:	-5736	-9156	12632	-290	521	-88
a/g:	-6132	-10528	13744	230	606	82
a/g:	-6560	-9276	12224	597	841	256
a/g:	-5580	-8512	12116	453	149	59
a/g:	-5544	-8528	12340	-13	250	37
a/g:	-5996	-9000	12584	-335	483	-2
a/g:	-6400	-9284	12464	-236	347	-119
a/g:	-6020	-9232	12776	-263	295	-26
a/g:	-5868	-8552	12188	-488	86	-97
a/g:	-5920	-9124	12668	-465	130	-173
a/g:	-6040	-9412	12712	-484	163	-122
a/g:	-6176	-8964	12420	-520	211	-59
a/g:	-6008	-9520	12884	-11	321	-138
a/g:	-6080	-9064	12604	-299	287	103
a/g:	-5756	-8768	12388	-223	180	-19
a/g:	-5868	-9284	12676	-329	297	-52
a/g:	-6024	-9324	12708	-321	269	6
a/g:	-6064	-9112	12516	-162	196	-29
a/g:	-6012	-9112	12568	-351	151	120
a/g:	-6024	-9384	12716	-161	311	113
a/g:	-5900	-9092	12488	-218	335	160
a/g:	-6000	-8812	12260	-250	327	111
a/g:	-6000	-8920	12416	-439	171	-43
a/g:	-6076	-9484	12780	-604	59	133
a/g:	-6216	-9376	12668	-329	134	191
a/g:	-5704	-8972	12424	-279	81	54
a/g:	-6072	-8956	12576	-252	305	-26
a/g:	-6300	-9384	12776	-380	155	-44
a/g:	-6324	-9252	12432	-238	142	9
a/g:	-5892	-9084	12572	-228	128	66
a/g:	-5988	-8884	12188	-424	209	-27
a/g:	-6096	-9196	12736	-535	112	-11
a/g:	-6144	-9396	12492	-430	27	-57
a/g:	-6036	-9144	12316	-245	144	7
a/g:	-5876	-8828	12096	-592	42	2
a/g:	-6068	-9120	12452	-1180	-139	-15
a/g:	-6292	-9204	12496	-857	4	-29
a/g:	-5988	-9276	12348	-1279	-276	40
a/g:	-5880	-9156	12428	-1087	-279	-84
a/g:	-5768	-9484	13176	-821	-42	-115
a/g:	-6324	-8940	11840	-641	137	32
a/g:	-8072	-9184	10784	-2088	-2309	53
a/g:	-3920	-9580	13648	-2663	-5610	-881
a/g:	-4232	-9932	13756	169	-1129	-6
a/g:	-4244	-10892	13248	-621	1211	1078
a/g:	-4900	-10892	14172	329	2884	1526
a/g:	-6332	-8464	11916	1946	2969	836
a/g:	-6204	-6584	9920	1788	2151	-340
a/g:	-6808	-9392	12304	2153	3097	-287
a/g:	-8900	-9180	10132	-4005	-4566	-102
a/g:	-7020	-8440	11232	-2442	-6156	-1355
a/g:	-5920	-10052	12280	-2915	-583	-981
a/g:	-4592	-12004	14560	-209	1221	484
a/g:	-4900	-11452	13752	710	1988	558
a/g:	-4772	-8344	11976	1039	3133	464
a/g:	-5508	-7632	11348	962	2246	6
a/g:	-7184	-9172	12032	598	1676	-269
a/g:	-7060	-10104	12792	832	618	-173
a/g:	-5680	-9260	12340	499	-76	-16
a/g:	-4940	-8500	12092	547	598	-93
a/g:	-5664	-9320	12664	584	1043	-115
a/g:	-6616	-10232	13284	898	1132	18
a/g:	-6424	-8724	11812	751	557	195
a/g:	-5888	-8336	11980	-287	-55	-12
a/g:	-5764	-8808	12288	-731	-121	-214
a/g:	-6104	-9564	12832	-379	171	-125
a/g:	-6072	-10024	13172	364	259	36
a/g:	-5836	-8540	12136	63	504	229
a/g:	-5944	-8264	12072	-396	171	-31
a/g:	-6100	-9308	12712	-608	28	-201
a/g:	-6136	-9900	13076	-518	-208	-89
a/g:	-5796	-9216	12624	152	261	64
a/g:	-5664	-8480	12324	-174	322	12
a/g:	-6136	-8832	12288	-629	135	-154
a/g:	-6332	-9620	13100	-536	-80	-163
a/g:	-5884	-9380	12744	142	142	59
a/g:	-5680	-8940	12184	-103	188	-20
a/g:	-6096	-8588	12288	-479	142	-120
a/g:	-6012	-9240	12604	-357	162	-172
a/g:	-6116	-9380	12808	-79	291	-10
a/g:	-6224	-9080	12288	-227	215	55
a/g:	-5752	-9104	12708	-310	292	99
a/g:	-6016	-9160	12600	-234	106	-41
a/g:	-5884	-8904	12432	-368	358	30
a/g:	-5848	-9144	12512	-435	124	-58
a/g:	-5920	-8952	12400	-582	22	-70
a/g:	-5920	-9100	12320	-855	-52	-56
a/g:	-5684	-9632	12924	-439	115	-67
a/g:	-6132	-9352	12704	-143	185	12
a/g:	-5876	-8892	12320	-182	79	-2
a/g:	-5756	-9120	12580	-447	43	-58
a/g:	-6060	-9412	12728	-221	260	43
a/g:	-6008	-9124	12464	-173	169	55
a/g:	-5736	-8852	12352	-298	120	-10
a/g:	-6000	-9108	12396	-645	139	2
a/g:	-6060	-9592	12852	-371	156	37
a/g:	-6024	-9320	12508	-357	43	25
a/g:	-5788	-8720	12180	-597	65	22
a/g:	-5924	-9316	12744	-789	-149	-132
a/g:	-5752	-9816	13008	-75	227	-16
a/g:	-5980	-9480	12624	-41	288	62
a/g:	-5952	-8668	11952	-153	228	33
a/g:	-5860	-8700	12260	-716	112	-35
a/g:	-6212	-9744	12884	-463	126	-57
a/g:	-6056	-9816	12896	-70	42	-33
a/g:	-5780	-8868	12292	-178	112	91
a/g:	-5880	-8604	11932	-625	108	-104
a/g:	-6012	-9500	12564	-712	58	-7
a/g:	-5764	-10304	13652	-196	168	63
a/g:	-5948	-9032	12280	186	260	50
a/g:	-5800	-8532	11752	-453	149	0
a/g:	-5904	-9116	12392	-526	105	-103
a/g:	-6068	-10356	13220	-408	15	-22
a/g:	-6188	-9652	13176	-37	984	275
a/g:	-5972	-8392	12084	-213	480	-38
a/g:	-5872	-9532	13272	41	-1182	-671
a/g:	-5516	-10028	13500	2906	-362	-955
a/g:	-6740	-7952	10892	79	-878	-832
a/g:	-5252	-7608	11104	-1878	-2481	-726
a/g:	-5268	-9892	13808	1011	-1069	-657
a/g:	-5712	-9108	12216	255	-1117	-691
a/g:	-4892	-8932	12128	-895	-2142	-1135
a/g:	-4996	-8884	12848	-90	-1095	-576
a/g:	-5820	-8984	12488	-514	-494	-270
a/g:	-5340	-8740	11884	-1679	-3091	-434
a/g:	-4844	-9732	12776	-2518	-2596	-568
a/g:	-4072	-9604	13072	-3109	-1211	-711
a/g:	-4444	-9836	12340	-4006	-1510	-505
a/g:	-5876	-9784	12852	-2806	-2026	-277
a/g:	-4428	-9248	11648	-3836	-2956	-441
a/g:	-3948	-10148	12788	-2681	-1079	-24
a/g:	-3784	-10508	12820	-2624	-275	202
a/g:	-3524	-10556	12880	-2153	1034	359
a/g:	-5096	-9932	11988	-1734	40	35
a/g:	-4588	-10800	12784	-1095	-417	-159
a/g:	-4420	-10248	12064	-600	-472	-254
a/g:	-3440	-10356	12360	-595	-1406	-260
a/g:	-3920	-10340	12324	-365	-553	-161
a/g:	-3900	-10732	12404	-352	242	-80
a/g:	-3948	-10756	12356	-576	628	18
a/g:	-3760	-10200	11976	-692	1475	311
a/g:	-4000	-10160	12124	-969	2867	706
a/g:	-4556	-10908	12272	-505	2991	577
a/g:	-4948	-10260	11872	-469	2040	584
a/g:	-4712	-10468	12120	-480	1405	404
a/g:	-4952	-10348	11728	-775	1069	417
a/g:	-4980	-10800	12184	-624	772	240
a/g:	-4832	-10368	11988	-753	479	278
a/g:	-4712	-9900	11584	-672	469	220
a/g:	-5100	-10432	11932	-932	529	355
a/g:	-6164	-11108	11204	-1690	404	907
a/g:	-5744	-11336	13360	-2591	-1367	1471
a/g:	-4180	-11572	13964	-625	-262	1312
a/g:	-3848	-9432	10768	901	1492	814
a/g:	-4784	-10444	11528	163	1668	931
a/g:	-5504	-11364	12656	588	1961	630
a/g:	-3832	-10488	12852	3093	7063	435
a/g:	-7604	-7608	7728	28	713	-8
a/g:	-6520	-11196	12164	-4152	-5069	-119
a/g:	-3416	-10960	15676	941	-3471	-1340
a/g:	-3872	-10488	12556	-27	-130	486
a/g:	-3944	-10852	12304	458	994	328
a/g:	-5252	-10276	11400	135	1779	361
a/g:	-5368	-9460	10652	-583	931	-97
a/g:	-5224	-10124	11380	-1029	96	-333
a/g:	-5452	-10556	11844	-684	-442	-455
a/g:	-5032	-11488	12692	-275	-137	-210
a/g:	-4860	-10824	11968	422	418	-68
a/g:	-5140	-10216	11368	121	306	-134
a/g:	-5132	-10396	11960	438	441	-134
a/g:	-5528	-10280	11412	13	278	-227
a/g:	-5164	-10900	12160	-92	286	109
a/g:	-5256	-10376	11540	-84	94	-22
a/g:	-4948	-9960	11432	-391	156	-91
a/g:	-5152	-10628	12176	-210	383	-44
a/g:	-5400	-10828	11888	-9	337	-52
a/g:	-5364	-10424	11624	-139	237	46
a/g:	-5008	-9920	11460	-627	-71	-94
a/g:	-5028	-10512	11964	-496	193	38
a/g:	-5080	-10844	12064	-398	201	68
a/g:	-5228	-10668	11964	124	351	93
a/g:	-5128	-10340	11848	85	266	97
a/g:	-5272	-10032	11468	-232	160	-29
a/g:	-5060	-10180	11656	-421	209	-23
a/g:	-5280	-10616	11748	-576	50	-47
a/g:	-5340	-10884	12204	-289	198	49
a/g:	-5024	-10404	11696	-148	119	53
a/g:	-5140	-10104	11524	-371	186	-16
a/g:	-5540	-10680	11900	-419	131	-30
a/g:	-5308	-10724	11868	-285	211	71
a/g:	-4960	-10300	11752	-320	108	-6
a/g:	-5376	-10232	11460	-549	-9	-86
a/g:	-5232	-10716	11944	-515	116	43
a/g:	-5212	-10712	11964	-424	97	31
a/g:	-5128	-10396	11568	-138	358	-64
a/g:	-5164	-10484	11820	-286	-8	55
a/g:	-5592	-10004	11224	-792	-169	134
a/g:	-9328	-11064	9896	-2531	-702	2107
a/g:	-1348	-10516	13540	-1424	-4203	-589
a/g:	-3096	-10336	12308	1102	431	1102
a/g:	-3680	-10388	11920	11	613	486
a/g:	-4592	-10660	11716	656	2086	519
a/g:	-5708	-10444	12424	1352	2367	203
a/g:	-6048	-10052	11028	4486	6184	171
a/g:	-8104	-8580	8444	-2205	-1633	-77
a/g:	-6456	-9892	11080	-5175	-7513	-828
a/g:	-2648	-10284	15056	-639	-4077	-1660
a/g:	-4172	-11228	13112	-286	-171	395
a/g:	-4668	-12356	12676	620	1164	277
a/g:	-4956	-10796	12088	1409	2449	667
a/g:	-5616	-8608	10116	824	2176	92
a/g:	-6272	-9104	10300	134	936	-147
a/g:	-6120	-11356	12296	-830	-1234	-541
a/g:	-5592	-11428	12596	259	-32	-20
a/g:	-4552	-10192	11868	199	131	56
a/g:	-4864	-9556	11460	-311	327	-89
a/g:	-5724	-10328	11804	-546	264	21
a/g:	-5812	-11008	12280	101	109	63
a/g:	-5060	-10168	11788	135	127	66
a/g:	-4860	-9404	11152	-523	163	-79
a/g:	-5500	-10676	12176	-544	322	60
a/g:	-5688	-11440	12636	-292	54	-20
a/g:	-5280	-10076	11356	330	301	51
a/g:	-4964	-9776	11456	-390	90	28
a/g:	-5332	-9648	11360	-975	-51	-74
a/g:	-5272	-11556	12712	-104	159	-132
a/g:	-5536	-10756	11896	-193	39	78
a/g:	-4996	-9960	11640	-67	288	69
a/g:	-5332	-9912	11600	-741	137	-14
a/g:	-5616	-10732	12112	-456	105	38
a/g:	-5296	-10844	12180	-47	77	-9
a/g:	-5180	-9904	11464	-240	234	132
a/g:	-5036	-10272	11720	-389	297	27
a/g:	-5648	-10856	12096	-425	86	-62
a/g:	-5452	-10640	12040	-55	4	-58
a/g:	-5020	-10000	11588	-49	296	219
a/g:	-5180	-10064	11840	-234	290	1
a/g:	-5360	-10536	12028	-299	298	-17
a/g:	-5372	-10384	11888	-334	99	45
a/g:	-5312	-10152	11592	-333	106	36
a/g:	-5084	-10388	11808	-451	87	-35
a/g:	-5308	-10616	12056	-321	189	67
a/g:	-5492	-10488	11788	-238	146	14
a/g:	-5364	-10028	11584	-252	205	-6
a/g:	-5256	-10156	11568	-633	24	-87
a/g:	-5436	-10624	12068	-402	128	0
a/g:	-5316	-10400	11712	-346	29	-42
a/g:	-5340	-9908	11168	-680	-16	-40
a/g:	-5776	-10548	11148	-1333	-255	89
a/g:	-6240	-11036	11964	-1520	-2754	-38
a/g:	-5752	-10560	10656	-397	40	-756
a/g:	-3868	-11472	12468	435	1230	513
a/g:	-4192	-11900	13392	1072	1351	707
a/g:	-4772	-9804	11772	1485	3197	1080
a/g:	-1696	-9224	11044	2780	7979	-390
a/g:	-8468	-7408	7160	-922	-583	-418
a/g:	-6192	-10828	11492	-5139	-5634	-990
a/g:	-4496	-9604	13564	-1403	-4283	-1680
a/g:	-4560	-12044	13580	-2134	-2209	188
a/g:	-3848	-13668	14168	308	795	414
a/g:	-4484	-10972	12188	2042	2603	736
a/g:	-4952	-8676	10332	1284	2721	223
a/g:	-5264	-9028	10684	-249	1869	-93
a/g:	-6276	-10228	11288	-650	-557	-579
a/g:	-5556	-11460	12452	-180	-661	-190
a/g:	-4536	-10828	12332	4	-113	-68
a/g:	-4544	-9912	11464	-274	420	-19
a/g:	-5580	-10484	11676	-165	488	12
a/g:	-5604	-10928	12164	-357	-74	-89
a/g:	-5340	-10288	11652	242	140	-55
a/g:	-4932	-10008	11540	-143	-853	-179
a/g:	-5012	-10344	11652	-280	134	-58
a/g:	-5216	-10544	11692	-506	184	2
a/g:	-5608	-11012	12180	352	471	221
a/g:	-5204	-10064	11596	-267	340	176
a/g:	-4760	-10088	11700	-137	483	-98
a/g:	-5480	-10264	11708	-768	372	7
a/g:	-5148	-11080	12204	70	441	-42
a/g:	-5376	-10656	11956	59	204	2
a/g:	-4988	-9784	11564	248	618	84
a/g:	-4984	-9652	11152	-675	224	-37
a/g:	-5588	-10848	12148	-542	176	-30
a/g:	-5532	-11064	12148	-212	33	104
a/g:	-5016	-9860	11504	-160	231	82
a/g:	-4992	-9712	11468	-654	215	-50
a/g:	-5284	-10984	12308	-581	105	-62
a/g:	-5540	-11104	12360	-74	217	102
a/g:	-5072	-10124	11672	32	274	68
a/g:	-5280	-9780	11236	-444	148	16
a/g:	-5292	-10492	12036	-661	95	-77
a/g:	-5456	-11220	12388	-185	189	18
a/g:	-5184	-10692	12048	215	241	86
a/g:	-5032	-9824	11428	-58	247	86
a/g:	-5256	-10188	11972	-177	463	154
a/g:	-5512	-10624	11888	-324	252	208
a/g:	-5352	-10396	11780	-190	100	74
a/g:	-5008	-10276	11904	-279	131	64
a/g:	-5324	-10300	11796	-303	313	120
a/g:	-5428	-10604	12072	-283	159	-16
a/g:	-5484	-10072	11548	-335	87	4
a/g:	-5152	-10360	11848	-527	34	-92
a/g:	-5348	-10344	11740	-554	222	25
a/g:	-5472	-10308	11560	-670	1	-85
a/g:	-5352	-10316	11532	-832	-159	-131
a/g:	-5212	-10884	12324	-244	110	-39
a/g:	-5048	-10804	12020	-97	169	38
a/g:	-5148	-10332	11688	10	379	87
a/g:	-5476	-10332	11792	-103	298	34
a/g:	-5388	-10336	11560	-265	152	36
a/g:	-5092	-10676	12028	-11	250	53
a/g:	-5304	-10348	11784	-179	226	130
a/g:	-5368	-10348	11668	72	408	24
a/g:	-5216	-9972	11536	-176	243	64
a/g:	-5240	-9948	11416	-513	62	19
a/g:	-5340	-10904	12132	-95	393	68
a/g:	-5480	-10560	11860	-202	84	35
a/g:	-5124	-9736	11316	-285	184	7
a/g:	-5328	-9976	11076	-1105	-179	81
a/g:	-8128	-11032	10440	-2817	-1315	996
a/g:	-3424	-9916	13708	-2305	-5549	-983
a/g:	-3040	-11152	13216	217	-502	967
a/g:	-3344	-11148	11816	376	604	869
a/g:	-3984	-11308	12808	931	2893	1109
a/g:	-4836	-9616	11668	2095	3456	449
a/g:	-7020	-8056	8948	5391	7673	518
a/g:	-8216	-7784	8516	-2776	-2942	-293
a/g:	-6528	-8932	9884	-6451	-7559	-1132
a/g:	-4116	-10944	14332	-2666	-4245	-1478
a/g:	-5380	-11176	12180	-1686	-585	-62
a/g:	-5184	-13208	13584	-60	856	292
a/g:	-4540	-11700	13004	1632	1838	318
a/g:	-5056	-8620	10652	1719	2202	127
a/g:	-5788	-8968	10408	-198	1030	-81
a/g:	-6312	-10552	11476	-834	-261	-222
a/g:	-5876	-11192	12288	-509	-462	-199
a/g:	-4772	-10416	11864	-120	-48	-10
a/g:	-4468	-10024	11624	-518	183	-36
a/g:	-5768	-10868	12044	-53	682	141
a/g:	-5716	-10356	11756	-241	163	27
a/g:	-5432	-9904	11408	-350	12	-20
a/g:	-5060	-10336	11848	-706	-185	-165
a/g:	-5212	-10836	12176	-267	186	-48
a/g:	-5564	-11072	12112	79	123	8
a/g:	-5212	-10060	11536	-141	144	65
a/g:	-5188	-9840	11428	-278	276	-28
a/g:	-5396	-10536	12076	-675	151	-32
a/g:	-5472	-10780	12024	-321	169	17
a/g:	-5180	-10804	11924	-11	388	11
a/g:	-5396	-10152	11644	-12	392	77
a/g:	-5484	-10016	11396	-408	190	-26
a/g:	-5396	-10316	11572	-662	55	-68
a/g:	-5572	-10976	12140	-97	93	-49
a/g:	-5264	-10796	12060	160	225	143
a/g:	-5104	-9644	11324	-274	307	107
a/g:	-5256	-10208	11696	-431	167	-88
a/g:	-5404	-10648	11944	-741	19	-28
a/g:	-5452	-10720	12240	-30	145	-12
a/g:	-4996	-10248	11648	-219	86	-27
a/g:	-5392	-9964	11284	-185	320	-6
a/g:	-5244	-10424	11792	-481	179	-9
a/g:	-5536	-10888	12072	-355	39	-145
a/g:	-5332	-10716	11880	-36	175	24
a/g:	-5072	-10232	11784	-78	301	91
a/g:	-5012	-10192	11556	-254	371	-12
a/g:	-5568	-10772	11904	-268	204	-32
a/g:	-5304	-10540	11768	-88	187	28
a/g:	-4964	-10420	11912	-105	158	36
a/g:	-5100	-10348	11704	-205	326	81
a/g:	-5424	-10328	11884	-191	297	-42
a/g:	-5552	-10492	11620	-348	209	-74
a/g:	-5200	-10324	11768	-486	11	-68
a/g:	-5324	-10516	11904	-212	178	-20
a/g:	-5228	-10400	11840	-302	120	27
a/g:	-5376	-10516	11684	-414	70	-83
a/g:	-5528	-10420	11656	-204	79	-24
a/g:	-5092	-10568	12084	-15	210	36
a/g:	-5268	-10196	11540	-361	127	-2
a/g:	-5540	-10320	11624	-415	80	-45
a/g:	-5240	-10564	12072	-407	47	6
a/g:	-5152	-10420	11764	-310	235	20
a/g:	-5364	-10460	11848	-227	76	-158
a/g:	-5388	-10452	11748	-395	-10	-63
a/g:	-5092	-10476	11976	-333	3	-54
a/g:	-5096	-10648	11936	-168	196	-13
a/g:	-5232	-10356	11684	-306	231	51
a/g:	-5376	-10556	11784	-288	178	127
a/g:	-5048	-10412	11892	-240	113	49
a/g:	-5116	-10244	11596	-296	79	-74
a/g:	-5364	-10472	11716	-239	160	-29
a/g:	-5208	-10684	11960	-376	139	36
a/g:	-5312	-10568	11848	-213	141	11
a/g:	-5244	-10352	11600	-177	132	-12
a/g:	-5136	-10500	11704	-300	171	0
a/g:	-5316	-10440	11632	-351	214	-7
a/g:	-5256	-10492	11756	-259	189	-2
a/g:	-5124	-10384	11640	-229	151	4
a/g:	-5204	-10512	11848	-217	173	-28
a/g:	-5416	-10428	11780	-300	87	-54
a/g:	-5268	-10608	11776	-152	264	13
a/g:	-5048	-10484	11680	-330	292	-53
a/g:	-5256	-10348	11620	-297	255	47
a/g:	-5508	-10524	11932	-287	127	-29
a/g:	-5304	-10684	11776	-192	70	-105
a/g:	-5120	-10508	11704	-262	189	59
a/g:	-5264	-10436	11608	-164	84	-115
a/g:	-5268	-10328	11564	-405	178	-24
a/g:	-5184	-10500	11808	-370	33	-196
a/g:	-5304	-10428	11996	-333	10	-148
a/g:	-4872	-10376	11856	-288	36	-307
a/g:	-4412	-10036	11484	-454	-76	-488
a/g:	-5272	-10656	12028	-339	-15	-356
a/g:	-5456	-10712	11932	-492	215	-316
a/g:	-5448	-10664	11912	-229	195	-362
a/g:	-5052	-10412	11668	-204	203	-273
a/g:	-4456	-10676	12364	-30	49	-482
a/g:	-5160	-10268	11552	-626	48	-564
a/g:	-4852	-10692	11956	-419	-42	-721
a/g:	-5252	-10612	11620	-451	12	-722
a/g:	-4856	-10932	11564	-445	-426	-762
a/g:	-5148	-10628	11840	-49	-14	-542
a/g:	-4796	-10148	11392	-263	-156	-857
a/g:	-4692	-10540	11784	-193	-331	-965
a/g:	-4892	-11200	12396	-72	-703	-1679
a/g:	-5156	-10568	11292	-448	-1533	-2110
a/g:	-4116	-10660	11832	-636	-1219	-1925
a/g:	-4120	-10260	11228	-1066	-497	-1310
a/g:	-4500	-10560	11392	-1593	-384	-1532
a/g:	-4620	-12056	12672	-1718	-379	-1310
a/g:	-5032	-11656	12500	-917	-242	-910
a/g:	-4204	-10772	12228	-908	-371	-1480
a/g:	-3680	-11016	11760	-606	-211	-2352
a/g:	-4116	-10168	10360	-1189	-515	-1996
a/g:	-3472	-11348	11876	-912	-961	-1958
a/g:	-3464	-11284	12096	-431	-1437	-3494
a/g:	-3940	-11972	12144	621	-1934	-4012
a/g:	-2868	-11768	11764	562	-1631	-2776
a/g:	-2776	-10728	11836	272	-17	-2104
a/g:	-3076	-10484	11124	-65	-1082	-3330
a/g:	-2924	-11152	11280	-775	-1820	-2763
a/g:	-2452	-10820	10992	-1647	-860	-2164
a/g:	-2472	-11628	12156	-1300	-1638	-2707
a/g:	-2336	-11972	11660	-1548	-2598	-3179
a/g:	-1972	-11668	11480	-1396	-1854	-1929
a/g:	-2020	-10676	10768	-1617	-2270	-2276
a/g:	-752	-11788	12056	-2240	-1790	-2913
a/g:	-1268	-12604	11864	-642	-1486	-2271
a/g:	-1076	-12716	12420	-896	-1191	-1676
a/g:	-408	-11420	11180	-362	-1561	-2232
a/g:	-1132	-12184	11868	-998	-829	-1850
a/g:	-116	-11572	10792	-843	-1074	-1391
a/g:	-364	-11528	11676	-142	-1560	-2403
a/g:	-1196	-11940	11052	-325	-1865	-2497
a/g:	-396	-12916	11952	-827	161	-397
a/g:	-208	-12072	12120	-954	51	-418
a/g:	-664	-11952	11732	-579	-1037	-1097
a/g:	-896	-12172	11908	-475	-603	-687
a/g:	-488	-11660	11000	-112	-267	36
a/g:	140	-11632	11276	150	-492	-150
a/g:	-552	-11892	11336	89	-160	289
a/g:	-232	-12292	11848	1054	-582	-340
a/g:	40	-12328	12292	1104	-645	-520
a/g:	-456	-12144	11948	724	194	488
a/g:	44	-12424	11928	685	92	260
a/g:	-132	-11804	11636	356	271	451
a/g:	52	-11628	11652	38	254	467
a/g:	-324	-11592	11404	-544	69	286
a/g:	-216	-11644	11472	-822	-166	111
a/g:	-368	-12016	11784	-678	-278	50
a/g:	228	-11856	11764	-541	148	210
a/g:	-156	-11980	11740	-390	-13	168
a/g:	-732	-11916	11844	-446	-199	124
a/g:	140	-11892	11908	122	-266	-70
a/g:	-128	-11440	11228	66	-272	-172
a/g:	-760	-11856	11656	-101	-1338	-193
a/g:	104	-11832	11736	824	-1880	-530
a/g:	-588	-12052	12492	4039	-3828	-1121
a/g:	208	-11032	10828	2770	-3105	-1447
a/g:	1788	-11032	12116	2156	-1416	-700
a/g:	476	-11292	11816	1862	-733	-882
a/g:	1208	-11500	12424	2932	-2156	-360
a/g:	1224	-11776	12904	2234	-581	-516
a/g:	1132	-10984	12264	1199	-1217	-437
a/g:	1152	-10300	11748	-603	-168	-114
a/g:	1392	-10408	12144	-1059	-26	-47
a/g:	1348	-11252	12648	-1076	20	74
a/g:	1036	-11784	13080	-685	353	259
a/g:	-176	-10612	11800	-196	-137	-1
a/g:	1420	-10752	12372	-23	-64	63
a/g:	1224	-11344	12964	-176	-577	-249
a/g:	988	-11612	13116	-239	-376	-398
a/g:	1104	-10488	11956	-257	110	-66
a/g:	1872	-10800	11984	-496	731	223
a/g:	904	-11328	12544	-213	1776	-4
a/g:	368	-11212	12476	-782	532	642
a/g:	684	-11416	12816	-768	411	249
a/g:	1004	-10992	12388	-735	632	398
a/g:	1036	-10652	12100	-1154	645	591
a/g:	1160	-11252	12440	-1266	825	618
a/g:	704	-11392	12628	-1336	1105	945
a/g:	964	-11420	12580	-927	345	389
a/g:	444	-10976	11804	-636	725	722
a/g:	860	-10736	11924	-814	678	1084
a/g:	636	-11560	12516	-613	396	376
a/g:	408	-11504	12544	-502	798	135
a/g:	380	-11348	11936	-366	308	253
a/g:	576	-11768	12428	-97	458	98
a/g:	180	-11076	12028	-328	75	11
a/g:	668	-10864	11748	-427	342	434
a/g:	784	-11592	12304	-524	47	25
a/g:	212	-11712	12296	-400	277	125
a/g:	288	-11120	11824	-495	221	285
a/g:	580	-11296	12096	-451	291	440
a/g:	788	-11624	12428	-254	287	-25
a/g:	412	-11456	12260	-233	311	113
a/g:	288	-11288	12048	-318	278	167
a/g:	484	-11428	12060	-387	98	96
a/g:	528	-11424	12216	-261	217	66
a/g:	312	-11280	11976	-310	156	154
a/g:	520	-11328	12160	-433	164	260
a/g:	336	-11472	12060	-236	233	53
a/g:	316	-11308	12100	-234	172	-13
a/g:	392	-11500	12196	-162	242	21
a/g:	364	-11244	12032	-280	256	146
a/g:	328	-11456	12256	-121	302	129
a/g:	508	-11640	12420	82	634	23
a/g:	-24	-11132	11904	-434	294	178
a/g:	160	-11152	11696	-1410	287	509
a/g:	252	-11676	12488	-2316	110	512
a/g:	176	-11364	12260	-4420	380	862
a/g:	-24	-11216	11200	-3476	19	734
a/g:	28	-11408	11468	-3520	-163	665
a/g:	468	-12032	11660	-3220	-317	591
a/g:	280	-12480	11828	-3653	-215	631
a/g:	20	-12156	10972	-3540	-48	774
a/g:	40	-12664	11620	-3047	-118	692
a/g:	76	-12276	10280	-3650	-141	646
a/g:	8	-12792	10264	-5006	-675	796
a/g:	52	-13360	11056	-7793	-1055	1191
a/g:	312	-13784	10440	-6942	-831	927
a/g:	-68	-13120	9748	-6599	-1054	724
a/g:	76	-13160	8736	-8371	-1160	1037
a/g:	348	-15052	10640	-6569	-446	1218
a/g:	-124	-14144	8740	-6111	-102	970
a/g:	104	-13476	6420	-8396	58	1138
a/g:	260	-14448	8160	-8432	-165	1049
a/g:	56	-15284	8136	-7017	737	1175
a/g:	-516	-14876	7584	-5749	1301	1550
a/g:	308	-13944	6304	-3893	1669	779
a/g:	-1412	-12784	5148	-10702	92	1355
a/g:	-380	-17180	7468	-8927	129	1104
a/g:	-752	-15136	6700	-6092	376	719
a/g:	-1028	-14660	5100	-3931	243	412
a/g:	-556	-15840	5016	-4169	-2409	313
a/g:	128	-15632	4716	-5404	44	776
a/g:	-920	-16784	5392	-4830	-551	629
a/g:	-696	-16212	5576	-2331	-41	499
a/g:	20	-15452	4788	-1095	841	294
a/g:	-144	-16040	4132	-1973	-301	506
a/g:	-716	-16524	3844	-4654	-124	831
a/g:	-764	-15924	4060	-3716	1558	1026
a/g:	-1708	-15676	3692	-1299	-453	512
a/g:	-2976	-15460	3680	-1564	814	153
a/g:	628	-17444	3684	-647	1043	814
a/g:	-960	-15104	2476	-609	464	323
a/g:	-304	-15400	2652	-2295	1106	244
a/g:	-612	-15900	3396	-2387	1282	641
a/g:	-1508	-15592	3384	-1547	1093	493
a/g:	-1500	-15440	3292	-434	362	25
a/g:	-1056	-15824	2756	-4000	5	454
a/g:	-1200	-16252	3564	-2015	717	267
a/g:	-1452	-15808	3112	101	469	237
a/g:	-996	-15308	2464	225	473	20
a/g:	-1252	-15924	3160	298	117	131
a/g:	-880	-16032	3036	1493	61	-106
a/g:	-1188	-15716	3352	1792	134	207
a/g:	-888	-15692	4372	4020	668	261
a/g:	-416	-15772	5172	8897	1483	-218
a/g:	-828	-15620	4248	9948	2285	-378
a/g:	-944	-16144	4704	8722	1240	-532
a/g:	-1400	-15520	5596	9490	1503	-598
a/g:	-684	-15412	6220	11878	2101	-592
a/g:	-1076	-14856	5952	10469	1993	-325
a/g:	-1520	-14444	7072	8006	1165	-509
a/g:	-1116	-14148	8292	12967	611	-1387
a/g:	-884	-13180	8536	20761	1633	-780
a/g:	-784	-14492	8144	16401	2203	-296
a/g:	-1008	-13584	9968	14428	791	-1115
a/g:	-176	-12400	9740	14152	3461	-827
a/g:	-1652	-12844	11664	9920	2493	-387
a/g:	-1444	-11468	11384	6844	1316	-444
a/g:	-1660	-11120	12356	6792	82	-650
a/g:	-1552	-10168	12260	7314	65	-687
a/g:	-2208	-11260	13756	7078	57	-623
a/g:	-460	-10816	14712	10068	-44	-692
a/g:	-2124	-10072	12964	11450	621	-780
a/g:	-592	-8976	12324	8003	251	184
a/g:	-1760	-8808	13540	3495	-975	-429
a/g:	-448	-8664	15080	2757	-1965	90
a/g:	-1532	-8504	13684	2956	124	-156
a/g:	-1484	-8572	14576	2561	-638	306
a/g:	-428	-8580	14980	2521	-948	100
a/g:	-1056	-8104	15740	2710	-618	-181
a/g:	-1536	-7692	14260	6562	-142	0
a/g:	-684	-7272	14148	3535	-474	7
a/g:	-1404	-7752	14976	2900	-553	269
a/g:	-1076	-7380	17240	3203	-191	-130
a/g:	-372	-6704	15132	6240	62	-26
a/g:	-752	-6196	13180	2285	-664	82
a/g:	-876	-6900	15568	186	163	-348
a/g:	-720	-7208	16108	-239	-61	-228
a/g:	-1100	-6872	15684	9	-115	35
a/g:	-784	-6280	14744	-746	-519	174
a/g:	-480	-6416	14880	-1326	-350	186
a/g:	-220	-6712	15396	-2080	140	-89
a/g:	-1228	-6768	14368	-5324	-964	-11
a/g:	-500	-6980	15048	-7046	-1087	-191
a/g:	-48	-7496	14960	-8172	-815	-166
a/g:	448	-7668	13540	-11046	-3583	-368
a/g:	-704	-9188	15052	-9749	-1335	-340
a/g:	-560	-9296	14228	-8357	-1272	49
a/g:	-132	-9188	13092	-7002	-194	-17
a/g:	-476	-9688	11464	-16408	-1947	312
a/g:	-3756	-15236	14652	-13707	-2706	1046
a/g:	16	-11756	13472	-9832	746	937
a/g:	-620	-11468	11068	-11131	-330	959
a/g:	-368	-12092	10988	-11547	-957	1186
a/g:	-380	-12704	11380	-10669	-710	1302
a/g:	-272	-13204	10564	-11674	-627	1720
a/g:	-492	-14048	10396	-10171	-817	1461
a/g:	-364	-13760	9288	-10957	-1189	1428
a/g:	324	-14168	8776	-11299	-804	1720
a/g:	-184	-14132	9104	-8771	-314	1281
a/g:	-480	-13708	6552	-8772	-482	1027
a/g:	-560	-14760	7532	-10111	-987	984
a/g:	-548	-15356	7548	-7728	-322	986
a/g:	-680	-14776	6636	-6587	-436	696
a/g:	-716	-14600	5332	-7230	-319	1106
a/g:	-688	-16064	6716	-6902	-409	1229
a/g:	-764	-15424	5408	-6875	-191	1191
a/g:	-768	-15028	5360	-6292	-367	1042
a/g:	-976	-15604	5388	-4916	-163	888
a/g:	140	-15624	4688	-6481	165	751
a/g:	-1212	-15644	3840	-7482	392	893
a/g:	-756	-16468	4356	-5961	-67	362
a/g:	-940	-16104	4420	-3884	476	590
a/g:	-736	-15848	3756	-3546	557	460
a/g:	-1508	-16300	3188	-5340	-79	249
a/g:	-752	-16532	3400	-5677	594	432
a/g:	-972	-16404	2928	-2764	846	299
a/g:	-1020	-15944	2976	-2634	293	-80
a/g:	-1088	-16676	2912	-2504	488	-304
a/g:	-1044	-16144	2520	-2794	778	-718
a/g:	-1068	-16672	2384	-1449	869	-123
a/g:	-920	-16228	2004	-1592	608	-188
a/g:	-724	-16100	1356	-2433	717	-434
a/g:	-912	-16328	1980	-1161	564	-90
a/g:	-968	-16228	1764	-102	216	-147
a/g:	-764	-16076	1552	403	56	41
a/g:	-960	-16376	1912	1217	37	143
a/g:	-832	-15620	2072	1908	-137	-137
a/g:	-440	-15504	1784	3540	493	-176
a/g:	-1388	-16052	3764	6166	-513	-272
a/g:	-1456	-16212	5308	13817	671	-853
a/g:	116	-15776	5500	19785	3996	-857
a/g:	-828	-14816	4600	20727	3705	-617
a/g:	-768	-14948	4960	16705	3016	-745
a/g:	-524	-15572	6540	14403	1929	-773
a/g:	-816	-14712	8440	15919	2568	-89
a/g:	-616	-14400	8208	20102	1964	-962
a/g:	-448	-13712	8528	17400	1548	-818
a/g:	-1284	-12736	9708	11559	1409	-555
a/g:	-1320	-12220	10260	9381	300	-850
a/g:	-752	-12484	12364	9985	-77	-849
a/g:	-588	-11332	11076	10674	216	-618
a/g:	-1056	-10196	10864	7064	-367	-480
a/g:	-572	-10616	13008	7466	-869	-172
a/g:	-828	-11596	14500	9272	-644	-369
a/g:	-436	-10032	12116	8553	176	-269
a/g:	-212	-9028	12004	3645	3	122
a/g:	72	-10324	15616	5745	744	-210
a/g:	-172	-9408	13296	5013	282	-439
a/g:	-864	-9596	13948	2165	98	-444
a/g:	-560	-9008	14172	1763	-83	-124
a/g:	-248	-8744	13780	644	-67	-473
a/g:	-240	-8872	14572	2616	641	-521
a/g:	-404	-8356	13888	2628	848	-665
a/g:	-800	-8524	14380	1648	936	-696
a/g:	-944	-8576	14540	1630	755	-403
a/g:	-988	-8888	15348	2757	627	2
a/g:	-600	-8460	14264	2423	48	-53
a/g:	-392	-8300	14576	583	281	-197
a/g:	-316	-8024	14636	-43	437	-236
a/g:	-640	-7996	14412	-438	580	-348
a/g:	-828	-8120	14456	-652	376	-62
a/g:	-648	-8012	14396	-929	-32	-2
a/g:	-728	-8460	15240	-838	-61	-2
a/g:	-544	-8252	14860	-509	95	-137
a/g:	-520	-8036	14432	-696	240	96
a/g:	-320	-7892	14352	-699	201	-38
a/g:	-944	-8136	14464	-695	36	-21
a/g:	-736	-8464	14704	-650	-9	145
a/g:	-572	-8440	14688	-343	-1	160
a/g:	-520	-8252	14580	-302	249	166
a/g:	-60	-7264	10912	-7282	33	42
a/g:	-1532	-9500	14532	-14771	-3808	214
a/g:	80	-10360	14844	-11923	-645	183
a/g:	-652	-10180	11120	-17217	-2334	698
a/g:	-320	-11796	13564	-17640	-1814	1193
a/g:	16	-11400	11960	-11483	-1066	936
a/g:	-328	-11896	11040	-10987	-1218	813
a/g:	-280	-12384	10508	-12625	-1266	1162
a/g:	-356	-13556	11160	-12060	-1650	816
a/g:	-404	-13440	9948	-9414	-1240	791
a/g:	-124	-13688	9696	-8313	-1046	964
a/g:	-56	-14048	9076	-8075	-1029	675
a/g:	-160	-14084	8008	-9615	-1194	907
a/g:	-324	-15004	8392	-9617	-1107	1012
a/g:	-124	-14780	7720	-8859	-956	1098
a/g:	20	-14604	7236	-9292	-870	1079
a/g:	-348	-14796	6660	-9507	-827	903
a/g:	-368	-15100	6656	-8237	-882	789
a/g:	-444	-15268	5700	-8566	-834	937
a/g:	-640	-15560	5104	-7270	-430	776
a/g:	-656	-15736	4800	-7607	-793	901
a/g:	-472	-15904	4720	-6741	-513	765
a/g:	-480	-15768	4080	-7355	-590	784
a/g:	-440	-15912	3944	-7326	-489	773
a/g:	-628	-15652	3148	-5726	-320	828
a/g:	-752	-16228	2904	-4796	77	494
a/g:	-532	-15756	2104	-4539	593	280
a/g:	-836	-16180	2604	-4136	745	576
a/g:	-872	-16072	2272	-2154	482	437
a/g:	-868	-15732	1564	-2572	357	340
a/g:	-496	-15812	1336	-3785	505	237
a/g:	-1144	-17052	2324	-2789	-38	364
a/g:	-848	-16176	2312	-462	533	502
a/g:	-752	-14944	1384	-1165	705	-153
a/g:	-884	-16392	1744	-657	309	25
a/g:	-796	-16496	1876	117	107	65
a/g:	-1096	-16444	2032	1034	65	-148
a/g:	-1068	-15936	2020	1873	7	-206
a/g:	-948	-15840	2328	4274	202	-388
a/g:	-636	-16252	3824	7502	113	-626
a/g:	-148	-16204	4424	14138	1837	-1399
a/g:	-448	-15284	1584	12440	2337	-967
a/g:	-1208	-15848	5440	11578	642	-834
a/g:	-24	-16096	5640	13023	2346	-806
a/g:	-496	-15412	7856	17071	3608	-1133
a/g:	96	-14520	5488	17770	3141	-900
a/g:	-848	-13920	6240	14502	2257	-892
a/g:	-1108	-14424	9292	11177	1010	-1050
a/g:	-780	-13896	9920	17019	1941	-1227
a/g:	-788	-13196	12060	18179	2448	-536
a/g:	-156	-12676	9788	15799	2769	-618
a/g:	-844	-12300	11512	9091	1403	-548
a/g:	-832	-11680	11960	6272	1235	-39
a/g:	-360	-11564	12876	8443	2763	-328
a/g:	-1204	-11028	12376	7168	2176	-453
a/g:	-720	-10824	12808	4903	896	-110
a/g:	-1140	-10288	12708	5190	403	-150
a/g:	-720	-9956	12696	4228	-335	-29
a/g:	-380	-9948	13092	3320	374	-338
a/g:	-884	-9812	14452	2820	735	-130
a/g:	-1120	-9512	12916	1095	647	-155
a/g:	-1128	-9560	13312	305	38	-136
a/g:	-976	-9596	13836	66	15	-119
a/g:	-1044	-9364	13420	-146	162	93
a/g:	-736	-9328	13604	-384	78	156
a/g:	-1164	-9628	13740	-365	70	33
a/g:	-944	-9668	13952	150	257	167
a/g:	-1004	-9580	13624	107	120	-99
a/g:	-1004	-9592	13772	17	-39	-72
a/g:	-1016	-9224	13232	97	101	-15
a/g:	-908	-9508	13444	100	-48	-1
a/g:	-672	-9508	13620	-248	60	-128
a/g:	-1052	-9572	13720	-258	-574	-290
a/g:	-880	-9556	13804	1	217	-176
a/g:	-816	-9444	13672	-70	74	5
a/g:	-952	-9292	13412	33	125	53
a/g:	-664	-9588	14016	-158	-6	-141
a/g:	-976	-9692	14056	0	181	-150
a/g:	-780	-9388	13552	-162	292	102
a/g:	-756	-9204	13588	-179	211	-32
a/g:	-1104	-9516	13972	-304	92	-72
a/g:	-740	-9500	13820	-316	146	-4
a/g:	-580	-9244	13720	-241	550	44
a/g:	-880	-9300	13576	-435	150	-3
a/g:	-1036	-9412	13384	-761	204	7
a/g:	-676	-9524	13852	-127	28	10
a/g:	-756	-9456	13900	-182	236	45
a/g:	-892	-9336	13444	-282	42	-17
a/g:	-872	-9388	13536	-368	151	31
a/g:	-704	-9412	13924	-539	167	-6
a/g:	-820	-9564	13980	-455	-73	-41
a/g:	-908	-9712	13996	-33	-8	-57
a/g:	-744	-9084	13336	-281	104	66
a/g:	-576	-9316	13836	-403	134	-22
a/g:	-892	-9908	14228	-35	129	-63
a/g:	-836	-9464	13504	-67	179	75
a/g:	-848	-9144	13200	-240	70	17
a/g:	-784	-9364	13832	-324	177	24
a/g:	-832	-9644	14068	-200	119	4
a/g:	-800	-9412	13724	-306	158	13
a/g:	-764	-9544	13852	-480	267	-9
a/g:	-984	-9300	13532	-474	-221	14
a/g:	-792	-9352	13776	-428	-2	49
a/g:	-724	-9444	13828	-515	-232	-37
a/g:	-984	-9776	14152	-311	-69	45
a/g:	-332	-9356	12728	-1094	400	43
a/g:	-920	-9636	10672	-17863	-2048	209
a/g:	-808	-12440	14768	-14938	-1648	1080
a/g:	-1860	-11756	12044	-16466	-1397	1098
a/g:	-860	-11880	10276	-17671	-3160	1465
a/g:	-624	-12616	10660	-15871	-1729	1425
a/g:	-740	-12744	10408	-12503	-1830	1135
a/g:	-496	-13384	9544	-13954	-1592	1415
a/g:	-340	-14012	9280	-10235	-1326	1175
a/g:	-568	-14520	7832	-12109	-1724	1052
a/g:	-456	-15524	8180	-13104	-1924	1249
a/g:	-672	-15356	7168	-14363	-1844	1452
a/g:	-400	-15000	6432	-11136	-1149	1116
a/g:	-696	-15240	5960	-11425	-1415	1127
a/g:	-704	-15684	5392	-9322	-1006	842
a/g:	-872	-15948	4920	-7892	-704	806
a/g:	-816	-15764	3728	-7276	-218	691
a/g:	-636	-16108	4104	-7801	876	825
a/g:	376	-16568	4404	-6085	679	520
a/g:	-712	-16480	3764	-4833	971	555
a/g:	-776	-16716	2944	-6523	778	756
a/g:	-1076	-16472	2912	-4633	162	611
a/g:	-1248	-16396	2684	-1434	802	463
a/g:	-1332	-16316	1856	-3261	290	61
a/g:	-1288	-16488	2072	-3472	-61	115
a/g:	-1136	-16676	2360	-816	581	142
a/g:	-1340	-15912	1708	-256	338	33
a/g:	-1464	-15608	648	-1799	-245	-383
a/g:	-1036	-16680	1924	-893	-131	-158
a/g:	-1064	-16672	1544	212	90	38
a/g:	-1108	-16048	1608	694	138	138
a/g:	-1164	-16124	1752	1313	33	140
a/g:	-1336	-16224	1516	2417	20	132
a/g:	-932	-16252	2176	2632	96	-23
a/g:	-1108	-16100	2352	3147	-119	-170
a/g:	-1144	-16184	3140	7389	61	-754
a/g:	-976	-15668	3060	13424	875	-1351
a/g:	-228	-15904	3648	12806	1446	-1332
a/g:	-336	-15284	4604	14027	3296	-1136
a/g:	204	-15320	5968	16592	3107	-1181
a/g:	-648	-15232	6300	24862	5437	-586
a/g:	-528	-14756	5952	23941	4270	-1129
a/g:	-832	-13924	8080	18951	1869	-1427
a/g:	-728	-14060	9076	18104	3626	-966
a/g:	-628	-13744	10492	13920	2802	-729
a/g:	-1272	-12276	11180	8867	2045	-362
a/g:	-560	-11364	11952	9343	1780	-298
a/g:	-1040	-11000	11608	10170	3335	-743
a/g:	-1800	-11152	12808	8234	2545	-642
a/g:	-1996	-10576	12552	7224	545	-279
a/g:	-1184	-10308	13024	7080	1598	-338
a/g:	-848	-9652	13128	6821	2051	-414
a/g:	-1368	-9548	13944	5663	1370	-396
a/g:	-1704	-9188	14196	7488	1781	492
a/g:	-1732	-8548	12984	4012	681	84
a/g:	-1476	-8460	13900	1660	-361	272
a/g:	-2036	-8860	15000	2537	-557	919
a/g:	-1340	-8464	14476	3366	791	-99
a/g:	-1376	-8136	13952	1910	-277	287
a/g:	-1624	-8180	14632	655	-249	491
a/g:	-1624	-8036	14332	433	-703	614
a/g:	-1124	-8048	14216	-942	-936	294
a/g:	-1368	-8252	15296	-702	-794	137
a/g:	-1488	-8076	14188	-415	-875	432
a/g:	-984	-7828	13824	-743	-481	-14
a/g:	-1136	-8004	14364	-1149	-453	-191
a/g:	-980	-8312	14860	-1050	-18	-185
a/g:	-2488	-8540	14792	-289	33	-82
a/g:	-576	-7936	13704	-550	-791	272
a/g:	-848	-7968	14268	-707	-85	141
a/g:	-936	-8180	14464	-642	98	-121
a/g:	-1404	-8384	14472	-1216	-172	-239
a/g:	-992	-8364	14352	-1002	-526	266
a/g:	-1384	-8300	14316	-607	-537	183
a/g:	-812	-8448	14460	-561	-410	37
a/g:	-480	-8348	13392	-2504	-543	-7
a/g:	-1156	-8776	14304	-6380	-917	-38
a/g:	-956	-8840	13144	-11236	-1829	-82
a/g:	-1132	-10084	14052	-16553	-3279	-220
a/g:	-164	-10664	15420	-9538	429	146
a/g:	-1040	-10856	11892	-9987	-596	65
a/g:	-1340	-11668	10964	-14791	-4192	712
a/g:	-568	-13204	11112	-22104	-4634	1408
a/g:	-136	-13656	11772	-17417	-2227	1253
a/g:	-168	-12692	9360	-15316	-2023	1087
a/g:	-228	-13168	9144	-12902	-1341	1221
a/g:	-288	-13980	7900	-12561	-1663	1324
a/g:	-348	-15104	7888	-12796	-1275	1420
a/g:	-264	-15464	7192	-12461	-487	1885
a/g:	72	-15088	6488	-11265	863	1950
a/g:	-512	-15104	5980	-9448	875	1522
a/g:	-1312	-15120	4832	-9807	315	1330
a/g:	-1004	-16144	5160	-8445	611	1366
a/g:	-732	-15868	4048	-8215	1389	1137
a/g:	-872	-15636	3724	-7969	638	851
a/g:	-652	-16088	4040	-7248	2	622
a/g:	-988	-15316	2644	-5896	-243	408
a/g:	-868	-15840	3204	-5376	58	321
a/g:	-1192	-16096	2476	-4554	466	344
a/g:	-900	-15532	1992	-3744	321	-29
a/g:	-1104	-16076	2700	-1652	438	279
a/g:	-1048	-15512	2036	-764	212	-194
a/g:	-884	-15840	2028	-1617	68	-150
a/g:	-1164	-16624	1908	-2173	-66	243
a/g:	-1144	-16416	2300	-384	329	226
a/g:	-988	-15640	1704	-294	346	62
a/g:	-1096	-15924	1820	-237	250	107
a/g:	-1028	-16440	2372	514	40	120
a/g:	-1212	-16216	2332	1650	120	338
a/g:	-1172	-16428	2876	2685	204	109
a/g:	-1284	-15828	3064	5693	262	-153
a/g:	-1468	-15748	4540	12196	285	-1371
a/g:	-496	-15580	4408	16001	1794	-1408
a/g:	-560	-15544	5020	16162	3459	-169
a/g:	-968	-15796	5600	17043	2512	-720
a/g:	-1020	-15088	6880	20430	2797	-1347
a/g:	-704	-14536	6252	19480	2433	-1404
a/g:	-864	-13872	7140	17564	1231	-1595
a/g:	-860	-13372	9532	15736	158	-1236
a/g:	324	-13332	9908	16988	2390	-546
a/g:	-624	-13556	11548	11414	2942	-567
a/g:	-1032	-11888	10676	5823	700	-238
a/g:	-180	-11176	12092	8475	1752	127
a/g:	-1456	-10980	12056	9027	2538	-195
a/g:	-1020	-10300	11912	5867	509	-436
a/g:	-948	-10460	12656	5169	768	-364
a/g:	-1880	-10484	13156	4480	258	-277
a/g:	-312	-10424	14436	4787	497	-133
a/g:	-1272	-9876	13828	6471	1164	-304
a/g:	-1264	-9316	13064	4611	933	58
a/g:	-1292	-9316	13468	3584	742	-46
a/g:	-860	-9096	14272	3177	676	155
a/g:	-1396	-9256	14720	4263	1395	109
a/g:	-1956	-8832	13812	3200	817	116
a/g:	-696	-8008	13056	2438	530	-52
a/g:	-1720	-8480	14496	1747	317	102
a/g:	-1436	-8712	15232	2361	751	91
a/g:	-1416	-8256	14516	1433	476	-22
a/g:	-1340	-7988	14064	516	124	-95
a/g:	-1140	-7972	14568	110	-96	-5
a/g:	-1268	-8184	14904	-34	27	-78
a/g:	-1480	-8152	14704	200	226	-27
a/g:	-1344	-8032	14332	-108	91	-152
a/g:	-1244	-7856	14516	-194	143	7
a/g:	-1640	-8136	14752	-411	37	-28
a/g:	-1360	-8120	14664	-491	8	94
a/g:	-1440	-8072	14476	-1647	-783	89
a/g:	-1056	-8064	14164	-2219	-913	2
a/g:	-1152	-8416	14480	-2589	-714	29
a/g:	-724	-8688	15344	-2868	-341	-56
a/g:	-1108	-8168	12196	-6559	-1642	-276
a/g:	-528	-9076	13168	-11838	-1939	-347
a/g:	-1520	-9588	13184	-11210	-1925	11
a/g:	-1908	-9412	11928	-16988	-4441	366
a/g:	-708	-11056	12532	-16200	-2552	674
a/g:	-92	-12332	12516	-14997	-1662	807
a/g:	-280	-12736	11528	-15881	-1166	1091
a/g:	-964	-12592	9396	-18020	-2106	1561
a/g:	-492	-13540	9860	-16571	-1693	1413
a/g:	-740	-14060	9420	-12253	-658	1095
a/g:	-256	-14424	8036	-13126	-1941	1263
a/g:	-376	-15384	8340	-12168	-972	1271
a/g:	1340	-14924	7804	-11239	-1213	292
a/g:	-480	-15016	6780	-9413	360	1326
a/g:	-760	-15148	5636	-8865	260	1047
a/g:	-1008	-15716	5716	-9382	-387	873
a/g:	-740	-16056	5652	-7088	148	743
a/g:	-912	-15684	4712	-6664	-325	375
a/g:	-1044	-15796	3456	-6196	801	669
a/g:	-644	-16248	4528	-6212	320	753
a/g:	-1356	-16388	4160	-4203	442	472
a/g:	-1128	-15504	3072	-3888	747	400
a/g:	-1044	-16280	3456	-5715	-113	416
a/g:	-328	-15956	2932	-4455	927	636
a/g:	-1088	-16052	2628	-2579	344	235
a/g:	-1568	-16376	2476	-2544	115	155
a/g:	-328	-16248	2396	-3916	429	100
a/g:	-1100	-16524	2144	-1846	576	389
a/g:	-836	-15544	1172	-536	743	246
a/g:	-844	-16048	1828	-1814	349	-167
a/g:	-928	-16568	2480	-814	585	260
a/g:	-1168	-16700	1768	153	442	323
a/g:	-1168	-15944	1500	74	444	235
a/g:	-1148	-15920	1820	-194	314	76
a/g:	-1364	-16268	1824	84	35	151
a/g:	-1452	-16364	1932	946	71	293
a/g:	-1048	-16564	2452	2168	91	96
a/g:	-1416	-15752	2000	3371	534	40
a/g:	-1096	-15780	2848	5382	140	-143
a/g:	-864	-15580	3356	8183	897	-416
a/g:	-1176	-15036	2416	8211	-315	-1501
a/g:	-296	-16444	3292	7741	1055	-1035
a/g:	-468	-15996	4408	8246	1351	-931
a/g:	-1384	-15660	6172	10667	847	-1385
a/g:	-1040	-15124	6792	15840	1409	-1583
a/g:	-2460	-14876	8604	22296	1192	-2372
a/g:	-556	-14600	5660	20975	1386	-2144
a/g:	-36	-14320	7816	12959	-819	-1573
a/g:	-576	-14640	9992	9343	-477	-982
a/g:	-84	-14240	11400	14724	1866	-463
a/g:	-156	-12700	9068	14907	2311	158
a/g:	-752	-11700	10252	8412	220	-106
a/g:	-512	-11556	10968	6231	571	-260
a/g:	-764	-11460	12304	5662	206	-601
a/g:	-564	-11460	12744	6096	759	-366
a/g:	-612	-10964	11964	9495	1560	-169
a/g:	-320	-10400	12336	6499	349	-119
a/g:	-1264	-10644	14320	7182	524	-484
a/g:	-1340	-10148	12804	4723	1013	-150
a/g:	-500	-9728	13732	6136	1042	115
a/g:	-816	-9344	13344	6396	1347	-216
a/g:	-736	-9056	13672	3553	1071	80
a/g:	-1240	-9104	14416	2750	698	138
a/g:	-948	-8720	13476	1893	321	36
a/g:	-832	-8624	14324	1219	-160	28
a/g:	-584	-8288	13444	521	-346	68
a/g:	-556	-8492	14184	129	-707	-117
a/g:	-796	-8960	14920	713	-141	3
a/g:	-908	-8512	14068	290	-27	108
a/g:	-708	-8340	14260	272	261	33
a/g:	-848	-8400	13736	121	-207	84
a/g:	-644	-8468	14264	-405	-120	53
a/g:	-696	-8388	14284	-1326	181	-18
a/g:	-416	-8508	14216	-1902	300	-230
a/g:	-372	-8384	14344	-1633	382	-194
a/g:	-1240	-8784	14216	-1573	110	22
a/g:	-760	-8916	14320	-1110	396	155
a/g:	-628	-8932	14016	-1220	626	41
a/g:	-760	-9196	14256	-3143	123	-437
a/g:	-708	-9172	13944	-5451	155	-271
a/g:	-1292	-9592	13292	-9248	-674	-73
a/g:	-932	-10328	13520	-8253	-828	246
a/g:	-320	-10216	12628	-11165	-1808	-155
a/g:	-112	-11960	13336	-15775	-4856	-65
a/g:	372	-12444	12368	-16390	-1011	481
a/g:	-184	-12800	11752	-15949	402	783
a/g:	-652	-12872	9616	-16393	-1539	1492
a/g:	-1184	-13108	9064	-15908	-451	1872
a/g:	-472	-15216	10280	-13112	-565	1775
a/g:	-308	-14644	8304	-11708	235	1733
a/g:	-892	-13460	6916	-10989	70	1726
a/g:	-384	-14084	6152	-11430	-450	1302
a/g:	-592	-14932	5848	-13364	-547	1718
a/g:	-904	-15376	6524	-11319	-314	1505
a/g:	420	-15632	4564	-9046	1323	947
a/g:	-1316	-14924	4748	-9484	984	1143
a/g:	-1188	-15580	4708	-9389	284	1044
a/g:	-1556	-15836	3800	-7741	103	686
a/g:	-1104	-15988	2952	-6407	482	616
a/g:	-996	-15868	3120	-6193	-46	596
a/g:	-1268	-16220	2740	-5809	150	454
a/g:	-1876	-16356	2616	-4195	289	186
a/g:	-1620	-16508	1516	-4823	163	684
a/g:	-1352	-16472	2292	-3418	785	527
a/g:	-1172	-15516	2144	-1326	803	372
a/g:	-1256	-15704	1892	-2599	417	17
a/g:	-1616	-16408	2136	-2118	261	283
a/g:	-1688	-16216	1740	-213	251	75
a/g:	-1160	-15584	1200	-1371	105	-8
a/g:	-1292	-16244	1632	-1188	269	109
a/g:	-1408	-16360	1612	-370	193	186
a/g:	-1500	-16224	1508	307	133	109
a/g:	-1608	-16072	1532	682	-179	126
a/g:	-1244	-16240	1824	1684	-81	1
a/g:	-1728	-16308	1928	2843	418	120
a/g:	-1640	-15972	2220	4258	-91	-365
a/g:	-1348	-15712	2668	7123	-62	-663
a/g:	-1284	-15988	4344	10091	23	-1165
a/g:	-2728	-16008	4524	12748	579	-1258
a/g:	-476	-15732	3224	13857	1752	-1238
a/g:	-1068	-15804	4236	8240	1251	-549
a/g:	-1736	-15648	6708	10696	1104	-1502
a/g:	-1488	-15192	6864	14560	852	-1855
a/g:	-340	-14820	6288	17326	2022	-967
a/g:	-1256	-14360	7672	14462	-550	-1777
a/g:	-1584	-14156	10772	19276	565	-1751
a/g:	-624	-13200	9420	19507	1644	-1040
a/g:	-524	-13012	9316	14724	2333	-970
a/g:	-788	-12680	11256	7585	701	-430
a/g:	-2116	-12264	12944	10098	713	-637
a/g:	-724	-11492	11324	10245	1337	-166
a/g:	-572	-11152	12100	5321	451	-145
a/g:	-1488	-10880	12296	4080	-146	-372
a/g:	-76	-10836	13104	3998	57	-59
a/g:	-1188	-10792	12968	3938	809	107
a/g:	-652	-10356	13000	2540	579	-123
a/g:	-1056	-10224	13068	2518	-145	9
a/g:	-1056	-10360	13360	1280	-265	-32
a/g:	-520	-10008	13064	588	200	41
a/g:	-1356	-10176	13420	546	441	-78
a/g:	-828	-9836	13160	919	196	21
a/g:	-880	-9784	13236	395	26	63
a/g:	-1048	-10196	13728	350	214	-143
a/g:	-960	-9972	13460	1001	158	-17
a/g:	-624	-9548	13140	1010	395	11
a/g:	-1332	-9636	13324	878	26	46
a/g:	-924	-9900	13780	1456	40	192
a/g:	-736	-9524	13468	1426	214	168
a/g:	-948	-9572	13728	1587	321	19
a/g:	-772	-9340	13588	1469	423	53
a/g:	-1244	-9448	13836	883	471	8
a/g:	-808	-9164	13584	1015	453	68
a/g:	-844	-9280	14040	827	564	-73
a/g:	-1268	-9364	14064	665	476	-78
a/g:	-1080	-9548	14800	1589	933	-124
a/g:	-936	-9408	14256	85	242	-38
a/g:	-1168	-8872	13620	-115	42	109
a/g:	-976	-8912	13776	-186	-35	112
a/g:	-1132	-9272	14052	-456	-260	-26
a/g:	-956	-9100	14072	-122	-39	58
a/g:	-660	-8780	13560	-585	-107	-26
a/g:	-828	-9148	14028	-665	226	-170
a/g:	-1440	-9452	14452	-479	-110	-63
a/g:	-728	-8928	13628	-124	67	32
a/g:	-860	-8988	13724	-448	-50	7
a/g:	-752	-9132	14164	-489	186	-50
a/g:	-1180	-9252	14084	-451	-90	-81
a/g:	-996	-9108	14080	-212	219	-57
a/g:	-884	-9048	13612	-319	50	-18
a/g:	-1120	-9152	13808	-328	-49	74
a/g:	-924	-9256	14240	-340	-157	96
a/g:	-1000	-9172	13952	-394	-105	68
a/g:	-684	-9224	13912	-657	-27	5
a/g:	-780	-9224	13820	-1483	-375	-59
a/g:	-488	-9120	12768	-4496	-1258	193
a/g:	-556	-9324	12296	-9987	-1760	0
a/g:	-1084	-10560	13580	-11186	-2436	381
a/g:	-648	-11304	12880	-10484	-1300	910
a/g:	-1164	-11440	10076	-18444	-2519	1372
a/g:	364	-12936	12548	-19880	-3380	1454
a/g:	-56	-13164	10912	-20253	-2411	1525
a/g:	-200	-13240	9504	-18813	-1250	2177
a/g:	-344	-14104	7020	-19964	-453	2893
a/g:	-1044	-15400	8500	-19129	-18	3426
a/g:	-600	-15432	7700	-14482	111	2879
a/g:	-948	-14932	5728	-13430	634	2064
a/g:	-500	-15292	5008	-14578	585	2036
a/g:	-1284	-15980	5392	-12408	-163	1825
a/g:	-1204	-16256	4644	-8805	-25	1210
a/g:	-1304	-16380	3880	-10320	833	1516
a/g:	-1304	-16352	3076	-8310	812	1133
a/g:	-1480	-15396	1780	-6407	-488	423
a/g:	-1740	-15768	2260	-5742	202	617
a/g:	-1660	-15688	1392	-4758	210	428
a/g:	-1644	-16156	1476	-4116	741	601
a/g:	-1780	-16384	1476	-3101	430	197
a/g:	-1452	-16204	1412	-2111	299	-61
a/g:	-1544	-15768	-184	-2506	334	404
a/g:	-1512	-15820	1100	-1379	397	27
a/g:	-1512	-15508	680	-657	311	-120
a/g:	-1708	-16100	840	-627	144	-77
a/g:	-1540	-16168	792	-539	150	-203
a/g:	-1544	-16520	984	-353	212	-86
a/g:	-1584	-16284	876	290	157	207
a/g:	-1528	-16008	804	632	54	51
a/g:	-1508	-15948	816	845	89	81
a/g:	-1712	-16252	1200	1735	71	188
a/g:	-1520	-16192	1812	3414	37	124
a/g:	-1592	-15840	2304	6751	243	-658
a/g:	-1512	-15644	2480	10076	532	-879
a/g:	-1552	-15180	640	6709	217	-971
a/g:	-1336	-16532	2976	5557	58	-667
a/g:	-1728	-16256	4076	9414	421	-1556
a/g:	-1672	-16004	5516	13815	1354	-1130
a/g:	-768	-15124	4680	16150	2756	-919
a/g:	-908	-14708	4784	10753	1834	-811
a/g:	-1664	-15376	6048	10502	698	-1138
a/g:	-1700	-14692	8132	16822	1928	-828
a/g:	-1012	-15092	7264	15852	1772	-1102
a/g:	-808	-13364	8372	18872	1427	-1332
a/g:	-356	-13964	9824	19266	3130	-659
a/g:	-708	-13280	10024	18065	2606	-854
a/g:	-1380	-12336	10300	13246	2217	-589
a/g:	-1204	-11888	11680	8573	2402	-346
a/g:	-1624	-11204	12612	9816	2239	-301
a/g:	-1148	-10920	12872	11811	2644	-338
a/g:	-2148	-10068	12136	9788	1864	-254
a/g:	-1932	-9740	12724	6324	1428	-64
a/g:	-2128	-9604	13548	4960	565	-168
a/g:	-1320	-9284	14020	5968	1744	-400
a/g:	-2020	-9060	13996	5380	702	456
a/g:	-2040	-8460	13352	2647	252	280
a/g:	-1408	-8400	14100	1746	-694	73
a/g:	-1640	-8516	14348	2110	-1424	356
a/g:	-1536	-8796	15096	2595	8	55
a/g:	-1660	-8176	14136	2634	434	160
a/g:	-1892	-7972	13812	1693	-151	12
a/g:	-1920	-7796	13900	-59	-485	29
a/g:	-1792	-8164	15084	71	-2239	501
a/g:	-1408	-7964	14724	-685	-1342	175
a/g:	-900	-7916	14424	-1650	-1511	52
a/g:	-1224	-8360	15272	-2498	-1181	-77
a/g:	-1148	-8560	15020	-1819	-430	-384
a/g:	-2096	-8136	13276	-982	378	-14
a/g:	-1008	-7944	13636	-1649	169	-135
a/g:	-1224	-8496	14580	-2428	-116	-132
a/g:	-1712	-8728	14272	-3660	-408	-226
a/g:	-1584	-8776	14060	-2808	-813	215
a/g:	-988	-8672	14368	-1398	102	212
a/g:	-1220	-9048	14472	-926	77	-58
a/g:	-1124	-8984	14296	-1254	207	-160
a/g:	-1332	-8864	13896	-851	279	-6
a/g:	-1284	-8908	14048	-722	357	-13
a/g:	-1248	-9140	14008	-272	362	-62
a/g:	-1444	-9140	14016	-334	266	-59
a/g:	-1376	-9040	14184	-424	254	61
a/g:	-1164	-8948	14020	-318	19	-34
a/g:	-1260	-8992	13908	-154	219	24
a/g:	-1544	-9340	14800	-105	-14	64
a/g:	-1124	-8892	13628	-88	179	152
a/g:	-1056	-8904	13880	-389	134	-12
a/g:	-1084	-9052	13964	-655	135	-78
a/g:	-1224	-8888	13768	-173	109	81
a/g:	-1428	-9144	14136	-283	148	59
a/g:	-1072	-9112	14208	-336	92	167
a/g:	-1360	-9036	13804	-227	245	-1
a/g:	-1232	-9332	14636	180	342	87
a/g:	-1376	-8816	13528	-285	138	-40
a/g:	-1232	-9060	14060	-387	170	-88
a/g:	-1228	-9004	13896	-517	-110	-62
a/g:	-756	-9196	14204	-1017	724	100
a/g:	-1288	-9212	14276	-295	220	-41
a/g:	-1280	-8976	13992	-591	303	-91
a/g:	-1140	-8956	13828	-572	232	-84
a/g:	-1140	-9148	13936	-586	44	8
a/g:	-1396	-9148	13928	-187	216	15
a/g:	-1284	-9116	13892	-460	255	-85
a/g:	-1172	-9072	13712	-604	217	-119
a/g:	-1368	-9200	13956	-422	199	-61
a/g:	-1180	-9116	13860	-434	186	20
a/g:	-1092	-9272	14028	-253	343	-51
a/g:	-1516	-9044	13752	-419	136	-74
a/g:	-1276	-9216	13904	-329	171	-37
a/g:	-1072	-9256	14096	-656	293	26
a/g:	-1172	-9268	13980	-543	312	-70
a/g:	-1372	-9220	13744	-719	328	-45
a/g:	-1388	-9316	14124	-1025	342	-43
a/g:	-1148	-9264	13708	-1015	393	-17
a/g:	-1372	-9208	13672	-1077	390	-22
a/g:	-1300	-9332	13900	-1164	523	48
a/g:	-1632	-9828	14200	-458	528	-118
a/g:	-1260	-9448	13916	-516	83	10
a/g:	-1208	-8936	13176	-579	132	144
a/g:	-1340	-9340	13804	-522	259	141
a/g:	-1424	-9748	14024	-418	233	-14
a/g:	-1212	-9472	13744	-276	421	30
a/g:	-1420	-9252	13536	-404	278	-7
a/g:	-1464	-9524	13620	-511	386	14
a/g:	-1508	-9492	13728	-443	160	-51
a/g:	-1288	-9436	13716	-317	320	-47
a/g:	-1392	-9448	13800	-425	175	35
a/g:	-1408	-9416	13512	-426	202	-91
a/g:	-988	-9504	13644	-831	473	-145
a/g:	-1404	-9528	13744	-362	319	-43
a/g:	-1164	-9452	13532	-548	345	-85
a/g:	-1328	-9684	13504	-821	437	-148
a/g:	-1488	-9580	13596	-505	26	72
a/g:	-1388	-9428	13460	-470	271	30
a/g:	-1452	-9488	13500	-463	312	58
a/g:	-1284	-9572	13584	-408	227	-91
a/g:	-1528	-9880	13380	-758	50	-70
a/g:	-1404	-9436	13184	-447	335	139
a/g:	-1352	-9684	13748	-557	35	-49
a/g:	-1396	-9660	13240	-647	350	-8
a/g:	-1260	-9320	13308	-1271	85	153
a/g:	-1760	-9584	13468	-479	-48	75
a/g:	-1588	-10040	13632	-579	254	-72
a/g:	-1308	-9840	13532	-878	142	-3
a/g:	-1104	-9676	13376	-570	232	-132
a/g:	-1728	-9828	13140	-506	-28	-118
a/g:	-1584	-9908	13308	-180	-101	-397
a/g:	-1224	-9908	13492	-142	-279	-441
a/g:	-1260	-9472	13424	-212	-214	-476
a/g:	-1400	-9440	13336	-37	-301	-426
a/g:	-1044	-9936	13800	-14	-256	-203
a/g:	-1240	-10004	13696	216	69	-541
a/g:	-1392	-9684	13580	148	-443	-599
a/g:	-1152	-9240	12968	126	-399	-427
a/g:	-728	-9500	13408	42	563	104
a/g:	-652	-10104	14204	158	702	103
a/g:	-1776	-10184	14120	482	-244	-753
a/g:	-1596	-9376	13124	537	-158	-315
a/g:	-952	-9240	13352	165	-300	59
a/g:	-508	-9512	13756	220	-392	-522
a/g:	-908	-9576	13820	193	-423	-510
a/g:	-896	-9252	13232	-49	106	-30
a/g:	-784	-9352	13956	-38	333	-243
a/g:	-1144	-9480	13852	174	-178	-373
a/g:	-688	-9376	13656	131	168	33
a/g:	-532	-9436	13844	36	207	-184
a/g:	-1220	-9832	14012	13	13	-418
a/g:	-1344	-9696	13932	113	2	-407
a/g:	-1052	-9028	13360	-122	-223	6
a/g:	-952	-9244	13476	-486	-87	142
a/g:	-576	-9244	13700	-614	181	269
a/g:	-756	-9384	14016	-380	435	303
a/g:	-1192	-9348	13760	-166	471	392
a/g:	-1464	-9372	13676	-122	-86	315
a/g:	-848	-9564	13680	111	15	284
a/g:	-492	-9300	13816	-16	60	304
a/g:	-616	-9204	13492	-42	318	114
a/g:	-1052	-9424	14036	-168	299	101
a/g:	-1176	-9336	13660	-4	219	34
a/g:	-1144	-9208	13484	-59	80	37
a/g:	-668	-9416	14056	-226	-24	13
a/g:	-864	-9324	13952	-90	21	-58
a/g:	-780	-9332	13840	69	76	-45
a/g:	-908	-9264	13804	-40	-8	-129
a/g:	-936	-9276	13944	-71	144	-119
a/g:	-952	-9328	13860	-116	84	-71
a/g:	-924	-9188	13780	-45	237	-30
a/g:	-988	-9252	13944	-147	115	-149
a/g:	-760	-9304	13788	-110	122	-56
a/g:	-848	-9384	14076	-139	92	-46
a/g:	-792	-9196	13984	-176	152	3
a/g:	-1100	-9116	13656	-356	242	103
a/g:	-976	-9164	14016	-368	91	153
a/g:	-1024	-9312	14036	-326	82	195
a/g:	-932	-9576	14032	-248	54	116
a/g:	-884	-9452	13908	-152	145	82
a/g:	-700	-9088	13604	-124	222	35
a/g:	-936	-9236	13752	-252	66	36
a/g:	-792	-9252	13988	-197	123	64
a/g:	-772	-9188	13936	-140	81	30
a/g:	-904	-9048	13792	-283	117	54
a/g:	-940	-9300	13940	-175	160	113
a/g:	-840	-9368	13892	-163	161	7
a/g:	-920	-9124	13996	-220	197	74
a/g:	-1112	-9236	13884	-170	109	44
a/g:	-1000	-9184	13900	-266	168	93
a/g:	-1012	-9192	13920	-261	301	60
a/g:	-1044	-9136	13740	-182	166	57
a/g:	-824	-9164	13872	-230	163	135
a/g:	-696	-9360	14016	-163	192	123
a/g:	-1004	-9408	14144	-206	313	64
a/g:	-1304	-9200	13760	-198	148	-27
a/g:	-1016	-8864	13796	-256	71	54
a/g:	-676	-9272	14064	-257	66	9
a/g:	-880	-9336	13992	-288	135	26
a/g:	-992	-9336	14084	-235	251	-55
a/g:	-1024	-9248	13932	-126	54	-12
a/g:	-924	-9128	13760	-144	79	0
a/g:	-816	-9284	13988	-239	135	-49
a/g:	-1048	-9332	14140	-142	-25	-104
a/g:	-900	-9032	13812	-97	45	-21
a/g:	-764	-9140	13928	-170	131	-45
a/g:	-904	-9312	14236	-219	100	-43
a/g:	-984	-9128	13888	-177	55	-89
a/g:	-956	-9020	13788	-138	148	-28
a/g:	-668	-9156	13996	-255	82	-57
a/g:	-792	-9152	14036	-265	195	-55
a/g:	-1068	-9116	14120	-166	286	-77
a/g:	-1040	-8912	13684	-291	71	7
a/g:	-600	-9176	13992	-199	166	2
a/g:	-880	-9080	13760	-241	173	-57
a/g:	-832	-9060	13944	-167	240	-21
a/g:	-852	-9048	13896	-236	141	-47
a/g:	-744	-9176	14124	-255	109	18
a/g:	-760	-9224	14052	-226	211	-14
a/g:	-880	-9092	13896	-263	135	-41
a/g:	-904	-9000	13604	-300	196	48
a/g:	-872	-9088	13944	-412	177	60
a/g:	-828	-9276	14392	-269	239	-31
a/g:	-864	-9084	13936	-241	32	-43
a/g:	-848	-9008	13940	-314	94	27
a/g:	-1024	-9212	13920	-259	254	4
a/g:	-1012	-9228	13852	-359	112	-13
a/g:	-872	-9244	14420	-250	70	14
a/g:	-768	-9160	14168	-201	144	-115
a/g:	-928	-9080	13840	-289	150	-61
a/g:	-988	-9120	14004	-270	245	21
a/g:	-928	-9256	14140	-190	177	-57
a/g:	-860	-9088	13848	-226	172	-36
