a/g:	-12520	-4276	10884	174	12	12
a/g:	-12296	-4164	10692	185	186	-10
a/g:	-12372	-4276	10820	-43	-255	-48
a/g:	-12596	-4344	10928	-112	424	30
a/g:	-12392	-4664	11360	142	176	163
a/g:	-12204	-4304	10772	66	241	156
a/g:	-12248	-4204	10480	-45	-31	-22
a/g:	-12552	-4152	10828	-145	105	25
a/g:	-12640	-4392	10880	-68	252	33
a/g:	-12180	-4176	10680	-129	166	56
a/g:	-12172	-4264	10576	-100	-34	-148
a/g:	-12792	-4340	10808	-105	127	-71
a/g:	-12520	-4420	10960	19	-218	-39
a/g:	-12068	-4812	11372	-244	73	50
a/g:	-11192	-6356	14552	1794	542	-683
a/g:	-13316	-2284	8716	5535	-2936	-2272
a/g:	-11932	-2028	8372	-120	2170	1350
a/g:	-14216	-4220	12416	-1335	5650	4437
a/g:	-14388	-5296	13384	-1141	4568	7817
a/g:	-9484	-2496	8496	-333	-3244	2237
a/g:	-10456	-2704	8620	-46	-2162	-1016
a/g:	-12304	-3400	10300	-109	1083	-2124
a/g:	-16424	-2512	11884	-1395	-2337	-1578
a/g:	-12336	-6608	12852	672	-1375	85
a/g:	-7540	-2332	8228	920	-3447	-1082
a/g:	-14080	-6352	14296	48	2770	1443
a/g:	-11540	-5512	12772	801	673	2411
a/g:	-10752	-3092	9792	484	1335	1278
a/g:	-11140	-2720	9336	41	1061	-403
a/g:	-14108	-3308	10476	-422	401	-614
a/g:	-14220	-4256	11660	-163	-878	-15
a/g:	-12336	-4152	11388	28	-910	466
a/g:	-10788	-3688	10584	-88	-184	29
a/g:	-11792	-4112	11272	-106	91	-685
a/g:	-13732	-3956	11244	101	603	88
a/g:	-13084	-3772	11152	298	-11	390
a/g:	-11784	-3444	10596	-8	-338	200
a/g:	-11536	-3544	10644	-287	-27	-248
a/g:	-13016	-4316	11788	-191	328	-340
a/g:	-13416	-4092	11604	330	295	260
a/g:	-12416	-3988	11184	364	-281	570
a/g:	-11740	-3508	10692	399	-246	223
a/g:	-11544	-3256	10336	-314	631	-203
a/g:	-12800	-4064	11392	-115	392	-259
a/g:	-13580	-3408	10932	90	632	20
a/g:	-12080	-3756	10944	-31	497	-45
a/g:	-12252	-3748	10956	-134	-116	-269
a/g:	-12664	-3672	11036	-129	86	-172
a/g:	-12404	-3800	11020	-84	347	-216
a/g:	-12492	-4012	11148	-75	219	-241
a/g:	-12760	-3780	11076	90	188	-72
a/g:	-12420	-3892	10800	-174	484	34
a/g:	-11952	-3976	11048	-225	477	-174
a/g:	-13060	-3840	11160	-49	315	-159
a/g:	-12444	-3876	10752	11	181	41
a/g:	-12556	-3792	10672	-26	62	94
a/g:	-12560	-3892	10980	-46	201	173
a/g:	-12548	-3948	11024	11	168	284
a/g:	-12260	-3900	10800	-60	244	201
a/g:	-12504	-3712	10876	-173	499	-60
a/g:	-12608	-3812	10612	-160	289	-88
a/g:	-12876	-4128	11268	-87	365	217
a/g:	-12492	-3936	10724	-26	-38	250
a/g:	-12180	-3636	10548	36	205	-33
a/g:	-12728	-3788	10936	-63	208	-90
a/g:	-12644	-4012	10932	3	77	10
a/g:	-12652	-3828	10648	-149	132	207
a/g:	-12284	-4028	10828	-99	221	78
a/g:	-12608	-3764	10796	-142	-6	-56
a/g:	-12636	-3900	10856	-174	101	40
a/g:	-12484	-3948	10812	-43	182	-29
a/g:	-12428	-3800	10776	-42	38	125
a/g:	-12508	-3816	10796	-159	78	15
a/g:	-12760	-3904	10744	-118	180	-83
a/g:	-12688	-3868	10932	-96	-60	79
a/g:	-12504	-3860	10724	3	-134	216
a/g:	-12376	-3736	10624	-67	9	5
a/g:	-12464	-3836	10844	-119	21	-35
a/g:	-12544	-4416	11056	28	-185	15
a/g:	-13648	-4684	11924	-73	-145	1073
a/g:	-11384	-1804	8440	-146	-3	-578
a/g:	-9980	-4108	9776	-1047	4243	-1186
a/g:	-14940	-4712	12288	-1096	3748	1679
a/g:	-14720	-4716	12208	172	898	2308
a/g:	-12576	-3296	9788	204	-3415	1184
a/g:	-11428	-2904	9252	357	-1935	-685
a/g:	-13248	-4472	11732	108	947	-514
a/g:	-15404	-3520	11016	66	-1941	315
a/g:	-8792	-4384	9636	1230	-3557	-2442
a/g:	-9788	-2652	8788	-1158	1251	-1094
a/g:	-14812	-5380	13596	-384	1625	1115
a/g:	-11632	-4312	10924	158	544	1336
a/g:	-11240	-3008	9540	-794	1366	666
a/g:	-12808	-3480	10312	-312	204	-613
a/g:	-13700	-3868	10692	-261	165	-534
a/g:	-13528	-4272	11188	53	-402	220
a/g:	-11964	-3788	10572	53	65	192
a/g:	-11780	-3868	10404	0	72	-340
a/g:	-13064	-4120	11132	-85	307	-349
a/g:	-13324	-4028	10876	207	257	140
a/g:	-12336	-3888	10592	254	-416	257
a/g:	-12116	-3336	10252	-143	-159	-57
a/g:	-12760	-4056	10716	139	-71	-402
a/g:	-12820	-4408	11168	68	-213	-10
a/g:	-12660	-3680	10636	70	401	405
a/g:	-12276	-3740	10552	11	355	163
a/g:	-12304	-3628	10412	-137	-67	-289
a/g:	-13136	-3940	10928	-64	1	-238
a/g:	-12668	-4148	10864	87	-91	46
a/g:	-12140	-3740	10512	-32	352	98
a/g:	-12408	-3584	10260	-167	281	-182
a/g:	-13004	-4000	10732	-202	229	-265
a/g:	-12816	-3992	10692	43	-138	-2
a/g:	-12620	-3880	10660	21	-21	328
a/g:	-12368	-3748	10388	-48	245	-1
a/g:	-12524	-3964	10772	-106	180	-254
a/g:	-12800	-3980	10608	-44	-35	-182
a/g:	-12956	-3972	10864	36	80	106
a/g:	-12496	-3848	10508	-13	138	157
a/g:	-12860	-4004	10800	-108	403	59
a/g:	-12520	-3776	10500	-145	355	-27
a/g:	-12696	-3900	10708	-77	181	9
a/g:	-12604	-3808	10472	-29	-95	-45
a/g:	-12632	-3928	10620	-174	-36	-46
a/g:	-12568	-3860	10700	-158	166	-173
a/g:	-12952	-4184	10992	-77	200	61
a/g:	-12772	-3812	10752	-20	12	177
a/g:	-12448	-3728	10536	4	-22	5
a/g:	-12460	-4068	10760	-42	28	-32
a/g:	-12812	-4056	10848	-7	-20	170
a/g:	-12296	-3660	10368	37	-82	110
a/g:	-12240	-3768	10456	-76	81	-95
a/g:	-12876	-4108	10696	-197	180	-80
a/g:	-13052	-4296	11192	89	9	106
a/g:	-12376	-3940	10808	8	-294	236
a/g:	-12512	-3860	10664	-71	-342	117
a/g:	-12208	-3768	10448	-135	-2	-214
a/g:	-12940	-4280	10896	219	317	-31
a/g:	-12460	-3960	10796	172	-21	209
a/g:	-12116	-3552	10216	-212	370	48
a/g:	-12552	-3868	10764	-305	444	-235
a/g:	-13076	-4336	11380	42	-153	-58
a/g:	-12484	-3784	10604	200	-133	239
a/g:	-11948	-3756	10296	-34	15	-31
a/g:	-12472	-3800	10508	-249	44	-248
a/g:	-12788	-4180	11176	-161	81	-27
a/g:	-12880	-4272	11208	84	-189	334
a/g:	-12148	-3848	10544	41	-90	258
a/g:	-12016	-3692	10152	-95	5	-155
a/g:	-12972	-3940	10904	-135	292	-243
a/g:	-12960	-3776	10492	-743	166	249
a/g:	-12372	-4256	10916	-1138	228	570
a/g:	-12728	-3972	10772	-256	-748	-55
a/g:	-12252	-3416	10016	-1206	106	-53
a/g:	-13236	-4188	11728	-2902	1337	1125
a/g:	-11612	-4896	10772	-1534	1324	755
a/g:	-11588	-4080	9124	-645	414	-180
a/g:	-13388	-4820	11168	-720	29	-489
a/g:	-13376	-4420	10660	-1201	-821	-215
a/g:	-11660	-4876	10172	-1564	-1238	327
a/g:	-11688	-2812	12872	-5479	1497	2513
a/g:	-12920	-4876	11092	-622	-765	-336
a/g:	-12644	-4716	10804	413	-1374	-433
a/g:	-13276	-5240	11152	1036	-1240	-1136
a/g:	-12484	-5180	11468	1346	-1620	-783
a/g:	-12664	-3360	9720	1272	-1472	-475
a/g:	-12848	-3500	10148	514	-518	-215
a/g:	-11464	-4932	11128	2841	-2694	-2299
a/g:	-12684	-3296	10060	1529	-275	-845
a/g:	-12088	-4000	10824	323	271	51
a/g:	-12188	-4436	11088	34	235	26
a/g:	-12180	-4000	10580	171	754	-285
a/g:	-12868	-4260	11264	331	65	-289
a/g:	-12516	-3660	10456	401	600	-492
a/g:	-11704	-4160	10552	-434	284	-72
a/g:	-12056	-4736	11456	-142	703	-485
a/g:	-12968	-4496	11228	368	-201	-264
a/g:	-12172	-4008	10560	137	-81	-47
a/g:	-12180	-4176	10756	-163	148	-21
a/g:	-12508	-4868	11392	88	42	-40
a/g:	-12432	-4288	10932	-1	72	196
a/g:	-12060	-4472	10776	41	66	223
a/g:	-12252	-4032	10620	-40	291	66
a/g:	-12500	-4548	11048	134	133	92
a/g:	-12496	-4552	10952	86	-199	227
a/g:	-11920	-4056	10676	-116	221	130
a/g:	-11896	-3932	10536	-207	369	-39
a/g:	-12624	-4796	11528	-108	40	-265
a/g:	-13520	-4684	11560	629	-51	773
a/g:	-12076	-3920	10360	710	-1495	551
a/g:	-10640	-3780	10376	-316	4312	1013
a/g:	-11912	-4132	10912	-109	1099	820
a/g:	-14248	-4464	11532	691	450	1002
a/g:	-11816	-3856	10052	247	-169	282
a/g:	-11320	-3588	9888	6	-212	-54
a/g:	-12932	-4568	11276	98	-59	-298
a/g:	-13760	-4472	11320	-42	-929	587
a/g:	-12164	-2648	9516	90	-1756	-245
a/g:	-12864	-4564	11836	-683	1529	498
a/g:	-12320	-4560	11500	-94	978	376
a/g:	-12436	-4020	10548	-441	478	329
a/g:	-12608	-3400	9916	-1309	424	-117
a/g:	-12888	-4328	11028	-763	303	-315
a/g:	-12548	-4516	10964	-531	190	-221
a/g:	-12736	-4496	10968	-404	356	50
a/g:	-12416	-4460	11092	-35	-2	11
a/g:	-12196	-3916	10216	86	151	-216
a/g:	-12676	-4300	10580	-2	489	-307
a/g:	-12632	-4080	10412	70	-19	-140
a/g:	-12620	-4412	10916	-25	6	53
a/g:	-12208	-4072	10424	-5	-359	-210
a/g:	-12032	-4196	10476	-210	97	-342
a/g:	-12880	-4592	11132	-264	315	-168
a/g:	-12804	-4464	10904	-101	-90	7
a/g:	-12452	-4360	10616	10	67	27
a/g:	-12156	-4244	10456	-46	31	-168
a/g:	-12720	-4540	10924	-7	442	-247
a/g:	-12608	-4488	10788	47	183	-9
a/g:	-12544	-4340	10776	91	-15	226
a/g:	-12604	-4296	10628	182	43	173
a/g:	-12004	-4108	10344	49	57	-185
a/g:	-12456	-4228	10796	-146	119	-185
a/g:	-12836	-4556	10940	11	34	-75
a/g:	-12648	-4624	11008	216	-46	164
a/g:	-12288	-4204	10508	-9	293	101
a/g:	-12336	-4164	10396	-31	101	-33
a/g:	-12624	-4216	10780	-6	24	76
a/g:	-12620	-3748	9912	1833	-16	-433
a/g:	-11956	-4192	10392	119	-448	-86
a/g:	-12548	-4028	10600	-126	-79	-50
a/g:	-12728	-4276	10952	-158	109	105
a/g:	-12424	-4368	10964	-128	38	139
a/g:	-12408	-4388	10764	49	-294	168
a/g:	-12448	-4288	10968	7	-318	183
a/g:	-12636	-4176	10956	314	-123	-52
a/g:	-14728	-4796	11648	-81	396	2607
a/g:	-13516	-2496	9676	532	-596	1150
a/g:	-11564	-4376	11316	-377	2283	1028
a/g:	-11540	-4108	10656	-237	1120	450
a/g:	-13396	-4384	11264	94	1074	509
a/g:	-12860	-3688	11056	51	6	-141
a/g:	-12448	-4176	10912	-250	-197	-316
a/g:	-14256	-3912	10708	459	81	-219
a/g:	-12680	-3928	10636	149	-1706	-10
a/g:	-12264	-1988	9104	-512	-1226	-1104
a/g:	-13556	-4940	12072	-872	2315	117
a/g:	-12888	-4748	11456	209	526	617
a/g:	-12300	-4000	10652	-122	357	720
a/g:	-12200	-3268	9904	-394	224	-25
a/g:	-13220	-4316	10956	-245	69	-486
a/g:	-13304	-4088	10720	-341	-151	-193
a/g:	-12288	-4472	11008	-14	-134	218
a/g:	-11876	-4056	10720	2	195	224
a/g:	-12232	-3940	10552	-52	315	-109
a/g:	-13132	-4360	10884	-86	296	-33
a/g:	-12912	-4204	10772	-12	-202	372
a/g:	-12024	-3956	10592	-7	280	180
a/g:	-11872	-3760	10340	-102	284	-325
a/g:	-13356	-4448	11116	-219	365	-102
a/g:	-13084	-4356	10904	157	123	297
a/g:	-11852	-3980	10504	34	-165	325
a/g:	-12212	-3640	10480	-129	195	-97
a/g:	-12236	-4268	10564	-226	149	-515
a/g:	-13460	-4488	11336	7	270	-91
a/g:	-12600	-4348	10776	78	210	333
a/g:	-12084	-4088	10348	-36	215	143
a/g:	-12560	-3792	10308	-115	215	-114
a/g:	-13208	-4504	11136	108	-129	68
a/g:	-12564	-4188	10752	89	102	226
a/g:	-12060	-4032	10576	-117	93	142
a/g:	-12648	-4356	10964	143	127	-161
a/g:	-13140	-4092	10788	1113	-466	-164
a/g:	-12216	-3668	10496	252	-95	363
a/g:	-12024	-4280	10868	-13	209	177
a/g:	-12284	-3856	10464	-70	243	-318
a/g:	-12856	-4080	10776	-302	153	130
a/g:	-12764	-3880	10696	-65	89	184
a/g:	-12392	-4072	10728	-28	20	72
a/g:	-12556	-4052	10548	-141	294	33
a/g:	-12864	-4084	11144	-37	101	143
a/g:	-12340	-3928	10424	-129	-46	223
a/g:	-12440	-4020	10576	-247	122	57
a/g:	-12444	-4084	10648	-71	172	-115
a/g:	-12932	-4312	11016	10	-41	74
a/g:	-12316	-3936	10600	-123	-91	118
a/g:	-12368	-4232	10796	-77	-186	-138
a/g:	-13196	-4404	11228	243	396	226
a/g:	-12628	-4672	10808	400	-696	831
a/g:	-10380	-2472	9076	-1094	1785	745
a/g:	-13060	-5188	12300	-387	944	990
a/g:	-13612	-4256	11404	58	4702	1487
a/g:	-12788	-4180	11172	106	-768	1000
a/g:	-11468	-2620	8620	-140	-756	-316
a/g:	-13616	-4480	11240	449	77	-1129
a/g:	-13072	-3980	10596	-583	-1477	-201
a/g:	-12788	-2032	8552	-429	-3387	-2168
a/g:	-12644	-5544	12264	-697	1446	-83
a/g:	-13040	-5332	12552	60	354	800
a/g:	-11924	-4444	11060	-4	196	842
a/g:	-12192	-3212	9640	-106	1032	-46
a/g:	-13240	-3624	10228	-321	446	-552
a/g:	-13360	-3992	10580	-232	-668	-431
a/g:	-12836	-4676	11324	-89	-415	76
a/g:	-11692	-4140	10792	-35	175	133
a/g:	-12136	-4140	10736	-114	488	-201
a/g:	-13252	-4144	10780	-101	68	-124
a/g:	-13008	-4120	10628	-37	112	117
a/g:	-12092	-4340	10916	100	-381	162
a/g:	-12300	-4044	10656	49	15	49
a/g:	-12516	-4056	10648	-56	770	-138
a/g:	-12784	-4188	10724	-14	104	-46
a/g:	-13060	-4452	11164	-179	176	535
a/g:	-11636	-4384	10764	106	188	-56
a/g:	-12520	-4064	10672	80	26	-188
a/g:	-12748	-4172	10644	-144	114	-66
a/g:	-13148	-4592	11112	255	319	13
a/g:	-12128	-3984	10292	60	71	244
a/g:	-12304	-3768	10460	-150	131	175
a/g:	-12552	-4076	10508	-59	298	-318
a/g:	-13260	-4512	11124	47	23	-44
a/g:	-12596	-4304	10928	183	-313	359
a/g:	-11956	-3944	10496	-46	131	125
a/g:	-12428	-4132	10564	-188	126	-233
a/g:	-13096	-4476	11120	-6	458	-100
a/g:	-12712	-4392	10880	66	-68	355
a/g:	-11992	-3868	10384	45	4	243
a/g:	-12464	-3968	10428	-93	68	-100
a/g:	-12860	-4248	10896	-31	177	-84
a/g:	-12836	-4396	11088	128	102	228
a/g:	-12408	-4076	10592	268	-185	340
a/g:	-12156	-3820	10480	88	338	119
a/g:	-12548	-4152	10808	-162	345	190
a/g:	-12824	-4352	10944	-1	75	263
a/g:	-12496	-3928	10452	55	-16	190
a/g:	-12268	-3952	10632	-19	338	74
a/g:	-12712	-4216	10832	-59	89	91
a/g:	-12764	-4052	10672	-75	197	178
a/g:	-12456	-4056	10576	-109	-194	105
a/g:	-12468	-3760	10320	12	468	-102
a/g:	-12672	-4048	10648	-156	201	-108
a/g:	-12600	-4072	10620	-152	-142	-133
a/g:	-12620	-4092	10772	-101	-135	-126
a/g:	-12832	-4316	11196	22	134	76
a/g:	-12460	-4128	10704	71	232	239
a/g:	-12608	-4100	10704	26	258	156
a/g:	-12620	-4028	10480	-76	231	106
a/g:	-12700	-4116	10624	-58	181	92
a/g:	-12460	-4100	10636	-95	159	234
a/g:	-12556	-4188	10804	44	-3	236
a/g:	-12716	-3760	10684	75	164	289
a/g:	-12356	-4012	10516	29	161	73
a/g:	-12320	-4088	10688	-137	12	-87
a/g:	-13124	-4256	10992	-71	175	129
a/g:	-12508	-4028	10576	45	-24	241
a/g:	-12232	-3828	10468	-148	12	8
a/g:	-12328	-4576	10700	19	191	-328
a/g:	-14712	-4516	11800	-164	520	1793
a/g:	-12792	-2388	8796	71	-1296	1093
a/g:	-9616	-5088	10916	-171	2336	742
a/g:	-12284	-4112	11448	-667	2083	984
a/g:	-13524	-4448	11620	473	767	1418
a/g:	-12444	-3288	10052	612	-3208	-271
a/g:	-11612	-3892	9872	206	-38	-270
a/g:	-15096	-3324	10308	-186	-960	-409
a/g:	-13088	-3608	10524	-86	-816	-564
a/g:	-10296	-2920	8768	-479	-3617	-2692
a/g:	-12888	-5368	12188	-1320	1485	-505
a/g:	-13684	-5376	12564	129	-22	294
a/g:	-12252	-3844	10288	195	471	803
a/g:	-11880	-3068	9668	-46	519	-51
a/g:	-12816	-3572	10220	-320	221	-606
a/g:	-13560	-4164	10708	-147	-289	-371
a/g:	-12844	-4164	10860	-38	-490	142
a/g:	-12016	-4132	10792	-74	-16	141
a/g:	-11972	-4032	10304	-133	328	-140
a/g:	-13460	-4228	10956	-129	239	165
a/g:	-12592	-3808	10360	72	-27	25
a/g:	-12480	-3732	10636	-139	-146	-32
a/g:	-12448	-4200	10836	-120	84	-188
a/g:	-13020	-4468	11140	-30	-77	-23
a/g:	-12656	-3884	10444	102	-20	329
a/g:	-11888	-4128	10392	152	109	-33
a/g:	-12368	-3824	10460	-153	23	-116
a/g:	-12980	-4080	10772	-187	268	-111
a/g:	-12772	-4080	10732	-82	67	161
a/g:	-12472	-4116	10772	88	329	209
a/g:	-12440	-4000	10428	22	107	55
a/g:	-12440	-3844	10444	-79	33	-110
a/g:	-12756	-4296	10788	-53	-15	-86
a/g:	-13092	-4064	11080	100	-306	279
a/g:	-12228	-3820	10492	90	311	373
a/g:	-11896	-3888	10504	-33	105	-61
a/g:	-12804	-3936	10724	-287	154	-144
a/g:	-12908	-4444	11072	-32	231	44
a/g:	-12652	-4012	10784	126	-314	285
a/g:	-12240	-3788	10220	138	365	29
a/g:	-12472	-3828	10576	-99	181	-97
a/g:	-12776	-3976	10748	-172	167	-108
a/g:	-13048	-4056	10772	45	9	4
a/g:	-12496	-4024	10548	12	219	245
a/g:	-11996	-3908	10404	-92	357	-8
a/g:	-12792	-4116	10772	-105	432	-230
a/g:	-12984	-4292	10900	-46	344	-51
a/g:	-12696	-4120	10784	70	127	136
a/g:	-12216	-4080	10536	89	41	152
a/g:	-12600	-4152	10660	-6	358	-38
a/g:	-12840	-3984	10600	-88	123	16
a/g:	-12596	-3892	10396	-104	139	32
a/g:	-12536	-4140	10772	-50	37	-23
a/g:	-12664	-4064	10636	-75	-102	89
a/g:	-12728	-3948	10576	-64	24	103
a/g:	-12772	-4032	10468	-47	125	59
a/g:	-12380	-4080	10696	-5	-171	128
a/g:	-12672	-3988	10764	64	-7	139
a/g:	-12616	-4072	10596	-4	71	39
a/g:	-12928	-4196	10836	-89	-60	19
a/g:	-12436	-4232	10764	-98	181	80
a/g:	-12592	-4204	10892	-17	-13	36
a/g:	-12636	-3840	10512	66	-58	15
a/g:	-12560	-3984	10648	-78	-42	89
a/g:	-12400	-4084	10768	20	-73	0
a/g:	-12612	-4008	10772	-50	27	64
a/g:	-12628	-3904	10596	20	91	119
a/g:	-12592	-3988	10548	0	-36	123
a/g:	-12416	-3864	10576	34	121	12
a/g:	-12440	-3932	10696	-103	36	-35
a/g:	-12604	-4152	10684	-32	17	-52
a/g:	-12732	-4132	10584	-21	28	50
a/g:	-12872	-4100	10772	68	96	82
a/g:	-12556	-4068	10652	-47	52	129
a/g:	-12444	-4028	10568	-46	170	65
a/g:	-12572	-4088	10624	-145	184	38
a/g:	-12724	-4080	10668	-42	14	92
a/g:	-12284	-4080	10620	-76	115	-21
a/g:	-12852	-4100	10552	-103	100	56
a/g:	-12368	-3972	10480	-62	15	4
a/g:	-12820	-4136	10696	-122	210	73
a/g:	-12524	-4032	10572	-126	296	27
a/g:	-12616	-4280	11028	-82	143	75
a/g:	-12736	-4236	10936	-14	17	7
a/g:	-12544	-4100	10716	-62	3	81
a/g:	-12504	-4176	10704	10	77	115
a/g:	-12212	-4060	10276	-46	6	-37
a/g:	-12732	-3944	10576	-120	167	-60
a/g:	-12756	-4108	10708	13	-92	-69
a/g:	-12568	-4108	10676	-43	-68	-45
a/g:	-12432	-4084	10716	-24	35	-282
a/g:	-12528	-4232	10980	-130	113	-544
a/g:	-12708	-4076	10752	-171	87	-431
a/g:	-12824	-4252	10692	-152	151	-457
a/g:	-12740	-4016	10504	-75	113	-305
a/g:	-12368	-4368	10772	-192	-32	-237
a/g:	-12072	-4024	10452	-166	-132	-540
a/g:	-12388	-4112	10580	-166	-215	-667
a/g:	-12292	-4276	10788	-150	-492	-846
a/g:	-12432	-4228	10588	-280	-426	-762
a/g:	-12820	-4608	10976	-373	-413	-624
a/g:	-12112	-4296	10360	-851	509	-550
a/g:	-12092	-4472	10312	-956	-45	-918
a/g:	-12628	-4964	11248	-658	-313	-1200
a/g:	-12960	-4996	10944	-935	-1060	-1244
a/g:	-12608	-5432	11164	-710	-1591	-1564
a/g:	-10968	-4536	10288	-903	-393	-1591
a/g:	-11224	-4556	10052	-1181	-526	-1688
a/g:	-12960	-5884	11432	-458	1539	-1292
a/g:	-13876	-5676	11676	-642	931	-837
a/g:	-12884	-5108	10840	-616	1641	-105
a/g:	-12256	-5896	11264	-1099	2698	-1141
a/g:	-11940	-5064	9688	-1490	2123	-1622
a/g:	-12428	-5332	10000	-2637	2599	-840
a/g:	-12224	-6820	11176	-2563	818	-1885
a/g:	-12836	-5620	10092	-2846	-1727	-3213
a/g:	-11908	-6420	10104	-3740	-1498	-2453
a/g:	-11400	-6944	10108	-2747	-1468	-1688
a/g:	-11544	-6884	10472	-2117	-1446	-2310
a/g:	-11960	-6872	10584	-708	-3343	-3764
a/g:	-11404	-6524	9624	-276	-2903	-2876
a/g:	-11424	-6752	10156	-845	-2353	-2524
a/g:	-10540	-8776	11704	-216	-3548	-4075
a/g:	-11212	-6776	9764	91	-3585	-3333
a/g:	-10636	-7152	10376	-687	-1755	-2153
a/g:	-10140	-7520	10460	-818	-2115	-3413
a/g:	-10344	-6792	10440	-1082	-1107	-3859
a/g:	-11032	-8180	11408	-583	-1042	-2529
a/g:	-10244	-8044	10968	-1049	-1402	-2105
a/g:	-9932	-7888	10756	-1823	-1383	-2905
a/g:	-10268	-7780	10196	-3382	-1040	-2118
a/g:	-9452	-9304	11436	-1666	-1196	-2238
a/g:	-10576	-8684	11096	-1672	-1673	-3378
a/g:	-10952	-8392	10220	-1703	-2072	-2206
a/g:	-9388	-8904	11016	-1859	-575	-306
a/g:	-9824	-9144	11384	-1310	-487	-1110
a/g:	-10800	-8980	11624	-379	-1873	-1588
a/g:	-9820	-8280	10668	-246	-1955	-384
a/g:	-8488	-9172	10744	-614	-1583	-125
a/g:	-8544	-8840	10576	-677	-466	-588
a/g:	-8368	-10308	11780	-246	1546	293
a/g:	-9312	-9788	11424	-1000	-135	-676
a/g:	-9556	-9688	11200	-463	-334	-522
a/g:	-8652	-9716	11156	-483	-709	283
a/g:	-8892	-9128	10728	-128	-4	326
a/g:	-8812	-9460	11268	-14	874	842
a/g:	-9276	-9628	11324	766	547	692
a/g:	-8876	-9212	11128	18	462	805
a/g:	-9076	-9488	11200	-2	187	661
a/g:	-8748	-8712	10408	4	581	504
a/g:	-9060	-9076	10776	-363	820	665
a/g:	-10992	-8732	10640	-1396	445	2379
a/g:	-10004	-9556	11332	-486	-166	654
a/g:	-8464	-9136	10344	-1221	266	861
a/g:	-8664	-9184	10408	-964	616	413
a/g:	-9344	-10896	11472	-526	418	563
a/g:	-8816	-9196	10572	200	-535	-445
a/g:	-8896	-9584	10572	-266	-1357	-1443
a/g:	-7880	-9832	9936	-644	-995	-753
a/g:	-8308	-8452	10980	-52	-1296	-1258
a/g:	-9956	-9724	11452	-378	-1375	-1451
a/g:	-10488	-10060	12008	2261	-5136	-2029
a/g:	-6588	-8792	9972	781	-3714	-927
a/g:	-9048	-10280	12380	684	-720	-341
a/g:	-7308	-8608	10184	67	-852	-331
a/g:	-8424	-9516	11496	252	-423	-694
a/g:	-8212	-9392	11308	202	231	-417
a/g:	-7904	-9932	11852	529	1249	-467
a/g:	-7432	-9460	11524	1223	1103	-1150
a/g:	-8428	-9068	10840	2215	315	-1830
a/g:	-9308	-9700	12132	1524	56	-996
a/g:	-7888	-9032	11216	686	-1263	-15
a/g:	-7364	-9108	11492	54	15	-96
a/g:	-7656	-9640	11992	174	354	-70
a/g:	-8320	-9464	11788	523	111	271
a/g:	-8828	-9628	12384	1327	-567	-121
a/g:	-7820	-8520	11380	1559	-1278	89
a/g:	-8012	-8836	11684	454	-552	648
a/g:	-8176	-9336	12384	1630	-500	815
a/g:	-8160	-9008	11848	457	256	1061
a/g:	-7768	-9380	12324	919	-630	865
a/g:	-7932	-8888	11932	265	537	738
a/g:	-7844	-8436	11636	-126	338	614
a/g:	-7388	-9140	12124	-174	799	316
a/g:	-6612	-9696	11756	1201	2080	-280
a/g:	-7888	-8896	11940	90	327	246
a/g:	-8496	-9212	12428	399	-95	53
a/g:	-8580	-9576	12868	1605	-943	-438
a/g:	-7488	-8372	11476	452	-295	15
a/g:	-7608	-9872	13268	1409	-433	-779
a/g:	-8260	-8864	12384	970	-367	0
a/g:	-8192	-9232	12784	-96	-211	-139
a/g:	-7804	-8468	11900	-80	299	400
a/g:	-7792	-9140	12424	-70	215	22
a/g:	-8296	-9184	12604	376	-272	-81
a/g:	-7868	-8308	11532	88	-295	-40
a/g:	-7976	-8780	12192	75	7	168
a/g:	-7940	-8880	12428	79	168	149
a/g:	-7968	-8752	12080	-84	151	325
a/g:	-7892	-8528	12096	-105	175	202
a/g:	-7836	-9000	12388	-48	242	161
a/g:	-8072	-8900	12420	-80	254	98
a/g:	-8072	-8896	12360	18	46	49
a/g:	-8056	-8752	12232	69	71	198
a/g:	-7944	-8544	12048	-17	155	364
a/g:	-8156	-9028	12640	185	172	298
a/g:	-8220	-8820	12536	159	252	580
a/g:	-7880	-8384	11916	152	118	539
a/g:	-8348	-8836	12600	108	494	776
a/g:	-8484	-8496	12304	467	49	850
a/g:	-8260	-8772	12476	370	548	1165
a/g:	-7960	-8560	12104	442	243	828
a/g:	-7972	-8496	12332	220	153	682
a/g:	-7936	-8268	11964	45	417	495
a/g:	-8396	-8496	12428	-25	475	523
a/g:	-8244	-8492	12152	-37	471	613
a/g:	-9508	-8020	11928	-32	779	563
a/g:	-8916	-8568	12604	176	344	882
a/g:	-8700	-8556	12316	263	195	1115
a/g:	-8832	-8580	12460	382	273	1478
a/g:	-9076	-8624	12876	348	71	1635
a/g:	-8188	-8096	12136	556	-253	1518
a/g:	-8092	-7820	11668	354	618	1540
a/g:	-8992	-8484	12600	52	988	1711
a/g:	-8500	-8048	12428	98	1179	1635
a/g:	-8400	-7860	12076	-537	1705	1984
a/g:	-8748	-8448	12452	-514	2126	2257
a/g:	-9156	-8092	12364	66	1506	2578
a/g:	-9136	-8400	12728	-357	1628	2777
a/g:	-8660	-8072	12328	-84	628	1514
a/g:	-9484	-7060	11368	-107	904	1880
a/g:	-9796	-6992	11124	-828	2035	2217
a/g:	-9912	-8272	12564	-363	1631	1424
a/g:	-9568	-7204	11560	-172	614	870
a/g:	-9524	-7916	12036	11	744	1168
a/g:	-10068	-7724	12284	170	201	1406
a/g:	-10224	-7268	11640	28	158	2205
a/g:	-9000	-6600	10836	-654	1532	1866
a/g:	-9892	-8052	12024	-815	1499	1255
a/g:	-10304	-7244	11540	729	610	679
a/g:	-10580	-6660	11072	-1289	1008	1882
a/g:	-9692	-7068	11440	-786	2361	2065
a/g:	-9908	-7624	11980	97	1046	1462
a/g:	-10892	-6960	11516	923	-196	602
a/g:	-10764	-7016	11576	1032	34	1129
a/g:	-10864	-6888	11392	245	823	1270
a/g:	-10664	-6952	11612	-261	571	1504
a/g:	-11240	-6136	10724	-571	1393	1744
a/g:	-10440	-7868	12368	79	1083	990
a/g:	-10720	-6028	10436	323	382	535
a/g:	-10952	-6776	11292	-123	1171	834
a/g:	-11144	-6000	10720	-445	400	792
a/g:	-10772	-7004	11424	252	-89	428
a/g:	-10596	-6644	11416	132	-318	252
a/g:	-10916	-6468	11104	118	66	49
a/g:	-10788	-6436	11220	109	-297	23
a/g:	-10520	-6412	11208	-16	-260	-3
a/g:	-10216	-6592	11256	225	-507	-643
a/g:	-10260	-6208	10960	-62	-177	-1268
a/g:	-11648	-6164	11116	-799	-1353	-1679
a/g:	-10948	-6816	11592	-564	-912	-1242
a/g:	-11188	-6780	11640	27	-587	-1157
a/g:	-10552	-6752	11324	181	-511	-1422
a/g:	-10624	-6824	11256	-180	-213	-1360
a/g:	-10616	-6664	11068	142	-697	-1613
a/g:	-10656	-6912	11420	786	-1404	-2388
a/g:	-9568	-6304	10572	665	-1625	-2602
a/g:	-10100	-7448	11936	34	-700	-2090
a/g:	-10688	-7580	12384	332	-1370	-2609
a/g:	-10896	-5936	9580	1973	-1893	-3164
a/g:	-9484	-7424	11816	154	-1022	-1045
a/g:	-10248	-7560	12304	-720	-92	-667
a/g:	-9320	-7204	11784	-679	-637	-1162
a/g:	-9700	-7584	12200	-444	-1350	-1399
a/g:	-9676	-7784	12336	521	-1566	-1543
a/g:	-9472	-7464	11904	439	-2071	-2169
a/g:	-9020	-6924	11292	-549	-864	-1189
a/g:	-9136	-8052	12676	-676	529	-576
a/g:	-9528	-8380	13160	351	-1221	-1663
a/g:	-9468	-7452	12008	715	-1373	-1378
a/g:	-8604	-7072	11356	208	-960	-706
a/g:	-8588	-8064	12188	-540	262	-966
a/g:	-9124	-8620	13076	503	-574	-1698
a/g:	-8936	-7400	12352	442	-1081	-2117
a/g:	-8720	-7452	11796	250	-942	-1791
a/g:	-9156	-7992	12388	254	-567	-1370
a/g:	-8968	-7924	12412	245	-647	-1158
a/g:	-7608	-7704	11996	-595	147	-2165
a/g:	-9012	-8160	12712	-355	-471	-1632
a/g:	-8328	-8492	12580	133	-263	-1582
a/g:	-9008	-8564	12892	32	237	-842
a/g:	-9116	-8352	12856	288	-651	-1
a/g:	-8344	-8140	12552	143	-40	455
a/g:	-8136	-7920	12060	34	-72	218
a/g:	-8232	-8204	12504	42	76	207
a/g:	-8656	-8300	12856	59	93	238
a/g:	-8696	-8272	12676	5	276	573
a/g:	-8128	-7920	12160	259	35	615
a/g:	-8352	-8096	12428	20	802	647
a/g:	-8540	-8344	12728	175	677	400
a/g:	-8696	-8164	12576	155	455	549
a/g:	-8404	-8184	12524	345	361	615
a/g:	-8228	-7904	12192	297	386	676
a/g:	-8616	-7832	12452	-209	1106	916
a/g:	-8816	-8124	12524	135	620	1081
a/g:	-9072	-8244	12980	267	714	1100
a/g:	-8444	-7812	12172	410	442	1086
a/g:	-8480	-7904	12296	248	683	1078
a/g:	-8596	-7560	12160	80	1478	1462
a/g:	-9716	-8184	13168	85	1123	1639
a/g:	-9336	-7920	12776	731	240	1847
a/g:	-8120	-7368	11684	350	543	1633
a/g:	-8924	-7316	12276	-536	2163	2062
a/g:	-9328	-8008	13104	80	1086	1720
a/g:	-9152	-7024	11712	-139	815	1536
a/g:	-9492	-7828	12784	167	964	1698
a/g:	-9856	-7120	12352	248	665	1886
a/g:	-9484	-7192	12288	130	313	1743
a/g:	-9448	-6760	11916	342	711	1843
a/g:	-9420	-6992	11968	-330	1446	2190
a/g:	-9756	-7296	12344	-519	1277	2036
a/g:	-9500	-6968	11844	-107	1025	1586
a/g:	-9744	-6552	11508	-685	1003	1410
a/g:	-9764	-7212	12388	-136	740	953
a/g:	-9936	-6724	11756	626	118	449
a/g:	-9780	-6416	11588	-283	591	851
a/g:	-11004	-6524	11800	-658	411	529
a/g:	-10456	-7020	12224	-409	127	399
a/g:	-10296	-6800	11844	102	266	397
a/g:	-10408	-6584	11696	155	533	601
a/g:	-9912	-6660	11640	-135	478	524
a/g:	-10252	-6600	11608	-24	33	32
a/g:	-10124	-6592	11604	-81	306	-71
a/g:	-10672	-6868	12172	-165	303	-119
a/g:	-10232	-6560	11508	-60	51	200
a/g:	-10104	-6624	11452	-111	-9	23
a/g:	-10424	-6800	11784	-138	-32	-16
a/g:	-10476	-6748	11968	104	155	1
a/g:	-10280	-6564	11636	78	-45	74
a/g:	-10368	-6804	11916	44	175	168
a/g:	-10296	-6760	11972	160	-110	142
a/g:	-10224	-6788	11952	225	-3	-54
a/g:	-10084	-6832	11956	297	-270	-468
a/g:	-10100	-6364	11500	104	-497	-589
a/g:	-10088	-6828	12064	407	-163	-1174
a/g:	-9712	-6524	11664	667	-1318	-1922
a/g:	-9544	-6584	11628	-113	-566	-2104
a/g:	-10132	-7600	12628	337	-1623	-2185
a/g:	-9884	-6600	11728	-5	-197	-1604
a/g:	-9700	-7416	12552	-82	-689	-1500
a/g:	-9476	-7008	12064	572	-1762	-2214
a/g:	-9464	-7144	11980	262	-955	-1998
a/g:	-9968	-7140	12508	68	-926	-1554
a/g:	-10456	-7436	13596	2712	-1652	-2421
a/g:	-8780	-7000	12132	1827	-4177	-1976
a/g:	-9004	-6580	11864	319	-1814	-1238
a/g:	-6900	-7004	11956	-678	-1554	-1816
a/g:	-8768	-6880	12984	522	-1184	-2447
a/g:	-8844	-7264	12912	1591	-695	-3144
a/g:	-8152	-7092	12652	538	-784	-1551
a/g:	-8500	-7436	12920	-992	-80	-1236
a/g:	-8712	-9320	13616	1982	-798	-2996
a/g:	-9568	-7952	13720	833	-2779	-930
a/g:	-6884	-6988	12312	84	653	-1054
a/g:	-8092	-8000	13772	387	-165	-942
a/g:	-8368	-7476	13008	234	-165	-1280
a/g:	-7456	-7576	13056	31	-824	-1156
a/g:	-8276	-7484	13344	-30	-790	-781
a/g:	-7100	-7352	12600	344	-1684	-817
a/g:	-7740	-7556	13096	-162	174	-619
a/g:	-8412	-7868	13696	105	-230	-412
a/g:	-7976	-7868	13604	556	-1091	-50
a/g:	-7368	-7536	13116	156	217	204
a/g:	-7660	-7508	13428	225	124	186
a/g:	-7300	-7412	12900	92	-86	-7
a/g:	-7772	-7552	13312	-372	679	-37
a/g:	-7864	-7604	13180	-163	270	-33
a/g:	-7860	-7876	13648	-152	303	198
a/g:	-7736	-7732	13552	4	328	299
a/g:	-6996	-7292	12776	-488	1460	-299
a/g:	-8676	-7516	13480	-69	49	-176
a/g:	-8012	-7584	13380	4	178	3
a/g:	-8012	-7716	13428	99	-536	230
a/g:	-7400	-7512	13044	217	-468	190
a/g:	-7360	-7556	13040	-17	-384	83
a/g:	-8008	-7536	13308	-157	-35	226
a/g:	-8112	-7388	13184	-123	-58	352
a/g:	-8256	-7736	13500	99	22	868
a/g:	-7696	-7480	13048	-275	1103	1217
a/g:	-7732	-7300	12728	-625	1689	1630
a/g:	-8008	-7688	13656	-347	1000	1376
a/g:	-8008	-7116	12568	-348	1246	1321
a/g:	-8668	-7772	13352	-755	1559	1623
a/g:	-8804	-7568	13496	30	560	1677
a/g:	-8248	-7212	12780	-109	634	1566
a/g:	-8396	-7900	13696	311	270	1346
a/g:	-8476	-7048	12716	518	-15	1091
a/g:	-8560	-7636	13056	353	745	1283
a/g:	-8888	-6960	12996	-455	773	1827
a/g:	-7624	-7224	12992	-1083	1364	2118
a/g:	-8660	-7180	12944	-522	1382	1371
a/g:	-8892	-6744	12288	-988	1900	1468
a/g:	-8564	-7212	12620	-915	2015	727
a/g:	-9596	-7240	12920	-792	1388	844
a/g:	-9536	-7288	12636	-180	511	1088
a/g:	-9756	-6816	12492	-994	982	1292
a/g:	-9140	-6980	12244	-994	2021	952
a/g:	-9456	-7184	12528	-964	1191	970
a/g:	-9744	-7152	12476	-748	830	1087
a/g:	-9700	-7168	12144	-798	1336	968
a/g:	-9624	-7692	13028	-99	284	729
a/g:	-9508	-6820	12032	84	437	462
a/g:	-9540	-7048	12188	360	50	297
a/g:	-9768	-6576	12008	128	489	184
a/g:	-9680	-7240	12360	216	-18	102
a/g:	-9672	-6852	12108	23	26	252
a/g:	-9584	-6984	12052	-24	307	418
a/g:	-9712	-7060	12436	253	-1	316
a/g:	-9396	-6724	11820	705	-724	-283
a/g:	-9480	-6984	12180	-52	-16	-35
a/g:	-10008	-6984	12556	388	-394	-50
a/g:	-9460	-6636	12072	253	-177	288
a/g:	-9584	-6944	12236	381	-407	50
a/g:	-9160	-6796	11920	193	-169	-5
a/g:	-9016	-7184	12488	224	-437	-691
a/g:	-9460	-6836	12456	742	-1234	-1607
a/g:	-9524	-6536	12020	21	107	-1008
a/g:	-9300	-7016	12428	416	-1109	-1286
a/g:	-9492	-7212	12560	481	-1270	-1096
a/g:	-8440	-7336	12968	933	-1644	-1538
a/g:	-8724	-6484	11944	372	-976	-1650
a/g:	-8960	-6920	12560	-33	-792	-1561
a/g:	-9116	-7944	13504	270	-1046	-1589
a/g:	-9200	-7352	13072	1038	-1942	-1633
a/g:	-8624	-7156	13172	1254	-2949	-1472
a/g:	-8116	-7076	12660	1094	-2298	-1687
a/g:	-8308	-7052	12916	25	-456	-1012
a/g:	-9012	-7496	13548	-388	106	-708
a/g:	-8752	-7512	13484	54	-765	-565
a/g:	-7680	-7108	12824	-73	-614	-497
a/g:	-8348	-7300	13256	-471	21	-250
a/g:	-8196	-7592	13292	-269	96	-610
a/g:	-8248	-7492	13248	-165	-263	-547
a/g:	-8176	-7292	13072	-333	111	-334
a/g:	-8468	-7444	13224	-387	475	35
a/g:	-8248	-7464	13092	-242	297	192
a/g:	-8132	-7464	12976	-110	106	-45
a/g:	-8156	-7200	12908	-38	229	-1
a/g:	-7996	-7404	12992	-115	370	77
a/g:	-7952	-7496	12984	-46	338	-144
a/g:	-8316	-7312	12772	-103	382	-136
a/g:	-8508	-7540	13208	49	215	-132
a/g:	-8508	-7672	13564	339	-198	-79
a/g:	-7988	-7116	12700	241	143	-23
a/g:	-8012	-7368	12912	67	-207	-232
a/g:	-8236	-7376	13104	-256	301	-131
a/g:	-8036	-7680	13208	50	-1	-189
a/g:	-8300	-7532	13256	131	70	-290
a/g:	-8184	-7264	13068	190	-421	-82
a/g:	-7712	-7212	12564	-90	28	-136
a/g:	-8316	-7604	13356	-149	16	-81
a/g:	-8464	-7600	13484	149	-19	-115
a/g:	-8292	-7320	12984	114	-62	240
a/g:	-7948	-7360	12912	22	3	241
a/g:	-8248	-7500	13140	-139	610	-97
a/g:	-8120	-7508	13132	93	88	-78
a/g:	-8168	-7184	12852	0	-24	267
a/g:	-7904	-7428	13248	-64	213	69
a/g:	-8428	-7340	12912	-22	108	-50
a/g:	-8288	-7572	13192	-81	77	72
a/g:	-8168	-7524	13220	29	106	34
a/g:	-7960	-7420	13228	-69	88	73
a/g:	-8176	-7252	12792	-84	89	3
a/g:	-8060	-7556	13076	-228	166	-36
a/g:	-8272	-7592	13172	-166	92	-111
a/g:	-8448	-7704	13592	106	46	-121
a/g:	-8000	-7288	12988	-10	49	151
a/g:	-7700	-7176	12840	-147	97	47
a/g:	-8292	-7500	13228	-119	118	-126
a/g:	-8344	-7392	13180	129	4	95
a/g:	-8084	-7484	12972	86	133	133
a/g:	-7964	-7300	12856	-168	123	-47
a/g:	-8272	-7604	13396	-120	165	-41
a/g:	-8340	-7396	12980	-62	195	65
a/g:	-8144	-7452	12980	-50	8	37
a/g:	-8100	-7488	13048	-8	-159	16
a/g:	-8076	-7308	12840	-190	221	11
a/g:	-7896	-7540	13164	-256	237	-22
a/g:	-8532	-7628	13536	-30	-151	-83
a/g:	-8408	-7312	12924	107	8	263
a/g:	-7740	-7572	13140	109	1	276
a/g:	-8836	-7932	13788	12	980	966
a/g:	-8268	-7436	12992	-263	1573	1367
a/g:	-8236	-7480	13376	17	938	1459
a/g:	-8220	-7168	12772	-267	1527	1719
a/g:	-9008	-7344	13076	-304	1504	1994
a/g:	-8056	-7060	12508	220	705	1467
a/g:	-8128	-7148	12672	-400	1462	1420
a/g:	-8724	-7332	13068	-113	735	1148
a/g:	-9012	-7472	13360	102	967	1305
a/g:	-9024	-7168	12688	81	867	1753
a/g:	-9096	-7004	12752	-441	1579	2374
a/g:	-8696	-6784	12396	-405	1205	1826
a/g:	-9124	-6812	12272	-361	600	1462
a/g:	-9060	-6908	12464	-362	828	1078
a/g:	-9316	-6976	12660	-124	388	735
a/g:	-9160	-6460	12288	-339	992	889
a/g:	-9152	-6992	12964	-256	614	685
a/g:	-9644	-6896	12688	-124	-384	421
a/g:	-9408	-6676	12276	211	513	443
a/g:	-9348	-6748	12500	-52	434	623
a/g:	-9620	-6768	12584	30	24	560
a/g:	-9204	-6760	12356	132	407	386
a/g:	-9532	-6436	12124	237	194	185
a/g:	-9668	-6644	12552	82	-261	210
a/g:	-9292	-6544	12316	331	-2	144
a/g:	-9448	-6356	12164	4	34	80
a/g:	-9268	-6512	12104	-132	-10	-322
a/g:	-9696	-6976	12972	-36	26	-142
a/g:	-9764	-6688	12796	-162	293	212
a/g:	-9480	-6504	12296	279	33	74
a/g:	-9472	-6736	12700	331	-112	-22
a/g:	-9484	-6580	12496	105	81	-31
a/g:	-9188	-6624	12276	181	-275	-298
a/g:	-9220	-6576	12328	92	44	-341
a/g:	-9416	-6552	12428	-53	-77	-402
a/g:	-9348	-6428	12288	-116	-331	-844
a/g:	-7980	-6376	11916	-231	359	-1317
a/g:	-9028	-6908	12864	-125	-1352	-2078
a/g:	-9712	-6764	12396	200	-1356	-1909
a/g:	-9584	-7020	12900	474	-1910	-2342
a/g:	-8796	-6468	11948	-342	-1181	-1900
a/g:	-9432	-7200	13132	-477	-404	-1636
a/g:	-9096	-7136	12748	-670	-823	-1214
a/g:	-8856	-7388	13032	-775	-284	-658
a/g:	-9000	-7432	13056	-567	497	-360
a/g:	-8768	-7452	13048	-262	-386	-564
a/g:	-8740	-6920	12592	-156	-698	-602
a/g:	-8368	-7260	12764	-305	-523	-590
a/g:	-8992	-7576	13012	-170	-377	-563
a/g:	-8760	-7344	12856	-100	-433	-293
a/g:	-8288	-7440	12740	82	-756	-192
a/g:	-8096	-7448	12928	-181	-145	-211
a/g:	-9020	-7176	12920	-231	-9	-212
a/g:	-8604	-7344	12780	-164	-130	-153
a/g:	-8228	-7160	12568	-145	-375	-395
a/g:	-8268	-7624	13240	1537	-64	-1326
a/g:	-8360	-7944	13368	-67	-121	-405
a/g:	-8744	-7444	12968	60	-231	-178
a/g:	-8388	-7332	12656	12	108	1
a/g:	-8224	-7524	12872	35	-13	-106
a/g:	-8256	-7356	12696	-138	38	-68
a/g:	-8416	-7668	12996	-39	121	80
a/g:	-8356	-7344	12816	124	47	29
a/g:	-8480	-7456	12936	96	-1	-20
a/g:	-8184	-7464	12964	70	259	-38
a/g:	-8240	-7516	12844	-105	615	-88
a/g:	-8376	-7428	12988	103	52	-64
a/g:	-8600	-7232	12672	118	-12	10
a/g:	-8276	-7364	12684	-21	72	-71
a/g:	-8456	-7616	13312	-15	101	-76
a/g:	-8380	-7436	12828	-33	186	-3
a/g:	-8360	-7412	12764	8	149	49
a/g:	-8568	-7540	13188	-18	227	-87
a/g:	-8224	-7420	12752	-87	68	-123
a/g:	-8480	-7292	12884	62	-146	-48
a/g:	-8572	-7620	12988	9	0	205
a/g:	-8780	-7544	13284	66	280	275
a/g:	-8596	-7396	12712	124	478	459
a/g:	-8236	-7632	13036	23	241	553
a/g:	-8684	-7548	13224	165	237	635
a/g:	-9160	-7476	13276	258	741	1198
a/g:	-8976	-7388	13084	289	979	2079
a/g:	-8708	-7184	13060	418	638	2293
a/g:	-8240	-6864	12512	377	1017	1836
a/g:	-8636	-6452	11676	-1313	1193	2270
a/g:	-8876	-6884	12684	124	856	1221
a/g:	-9096	-6972	12580	-61	799	1298
a/g:	-9492	-7348	13328	-67	1178	1721
a/g:	-8988	-6844	12792	493	461	1365
a/g:	-8420	-6600	12484	321	513	960
a/g:	-9064	-6568	12384	0	571	663
a/g:	-9296	-6852	12684	-6	483	603
a/g:	-9344	-6816	13024	114	323	600
a/g:	-9352	-6564	12672	10	551	818
a/g:	-9316	-6328	12812	-276	560	927
a/g:	-9824	-6460	12396	-84	-44	696
a/g:	-9572	-6960	13136	478	469	316
a/g:	-9264	-6660	12836	11	363	622
a/g:	-9388	-6744	12748	381	158	337
a/g:	-9276	-6516	12576	205	279	306
a/g:	-9360	-6296	12144	37	94	48
a/g:	-9424	-6368	12480	-36	131	-87
a/g:	-9656	-6640	12856	66	104	2
a/g:	-9496	-6596	12892	117	-61	175
a/g:	-9224	-6516	12508	47	11	42
a/g:	-9316	-6296	12288	-144	351	-41
a/g:	-9532	-6596	12980	-29	136	-28
a/g:	-9604	-6716	12948	41	147	159
a/g:	-9516	-6340	12496	112	-54	86
a/g:	-9208	-6360	12524	77	-90	-17
a/g:	-9320	-6304	12476	163	-462	-563
a/g:	-8804	-6376	12228	-124	-682	-1270
a/g:	-9532	-6372	12388	-378	-402	-1239
a/g:	-9796	-6780	12904	-301	-755	-1197
a/g:	-9428	-6892	12824	280	-1300	-1709
a/g:	-8744	-6496	12612	-36	-1101	-1639
a/g:	-8844	-6648	12492	-613	-478	-1424
a/g:	-8844	-6872	12836	-860	-126	-1210
a/g:	-9220	-7252	13208	-230	-1321	-1382
a/g:	-8860	-7100	13044	-345	-229	-1203
a/g:	-9012	-7100	13200	-423	-48	-424
a/g:	-9148	-7188	12936	-418	-212	-136
a/g:	-8428	-6892	12564	-430	-547	-451
a/g:	-8568	-7208	12796	-650	-373	-738
a/g:	-8800	-7040	12800	-430	-234	-875
a/g:	-8888	-7484	13092	-379	-352	-759
a/g:	-8860	-7272	12800	-158	-883	-439
a/g:	-8492	-7396	13100	-274	24	-344
a/g:	-8240	-7380	13020	-326	89	-266
a/g:	-8492	-7400	12956	-428	-124	-545
a/g:	-8752	-7260	12772	-306	-15	-396
a/g:	-8696	-7488	13036	-265	-10	-279
a/g:	-8564	-7552	13176	-162	-301	-77
a/g:	-8488	-7528	13064	-165	-97	-71
a/g:	-8452	-7292	12520	-82	-272	-227
a/g:	-8264	-7428	12728	-205	-148	-263
a/g:	-8724	-7776	13420	-90	-58	-94
a/g:	-8292	-7260	12688	-40	-97	-49
a/g:	-8468	-7376	12856	52	-176	-154
a/g:	-8384	-7508	12888	112	-144	-157
a/g:	-8376	-7480	12876	-46	186	32
a/g:	-8496	-7412	12912	89	6	89
a/g:	-8300	-7220	12680	-67	173	28
a/g:	-8244	-7436	12816	-90	76	-34
a/g:	-8560	-7544	13056	-26	238	127
a/g:	-8376	-7424	12916	113	84	202
a/g:	-8432	-7404	12836	56	173	158
a/g:	-8256	-7576	12960	91	246	132
a/g:	-8188	-7372	12720	50	426	291
a/g:	-8612	-7728	13280	10	443	305
a/g:	-8504	-7300	12840	83	265	361
a/g:	-8532	-7024	12644	-67	368	381
a/g:	-9128	-7732	13144	8	560	463
a/g:	-8932	-7556	12840	298	157	670
a/g:	-9020	-7456	13120	369	520	1119
a/g:	-8888	-7280	12992	424	629	1448
a/g:	-8888	-7344	13112	408	579	1675
a/g:	-8920	-7236	13028	620	56	1780
a/g:	-8584	-7072	12892	875	-447	1550
a/g:	-8572	-6844	12684	561	964	1227
a/g:	-8856	-6944	13016	604	369	1296
a/g:	-8624	-6724	12696	312	757	1169
a/g:	-8068	-6388	12276	-100	1102	875
a/g:	-9248	-6816	12972	-111	675	735
a/g:	-9236	-6724	12916	-148	419	771
a/g:	-8776	-6848	12748	-91	733	643
a/g:	-9236	-6852	13108	56	592	490
a/g:	-7660	-6576	13132	114	960	641
a/g:	-8944	-6740	12576	13	881	876
a/g:	-9180	-6788	13060	271	384	715
a/g:	-9360	-6368	12724	58	326	516
a/g:	-8948	-6400	12600	-230	393	458
a/g:	-9336	-6588	12852	-259	748	620
a/g:	-9324	-6960	13284	317	438	245
a/g:	-9168	-6488	12368	281	-61	102
a/g:	-8976	-6876	12980	184	381	331
a/g:	-9104	-6484	12568	75	422	196
a/g:	-9368	-6612	13136	203	246	139
a/g:	-8960	-6204	12244	108	70	16
a/g:	-9256	-6464	12664	-28	380	51
a/g:	-9744	-6680	12904	45	146	103
a/g:	-9228	-6540	12872	193	3	87
a/g:	-8960	-6584	12732	255	-153	-80
a/g:	-9188	-6280	12244	-62	52	-99
a/g:	-9556	-6732	13144	-3	106	23
a/g:	-9532	-6496	12876	195	-68	138
a/g:	-9212	-6388	12480	153	-161	105
a/g:	-8724	-6312	12664	-44	-35	11
a/g:	-9264	-6596	12932	-116	-89	-370
a/g:	-9528	-6652	12956	139	-727	-968
a/g:	-9200	-6708	12820	365	-171	-743
a/g:	-9056	-6372	12856	-314	115	-579
a/g:	-8864	-6740	13020	88	-46	-513
a/g:	-8908	-6364	12692	355	-1049	-1097
a/g:	-8624	-6208	12552	50	-746	-1445
a/g:	-8884	-6320	12324	-218	-1091	-2008
a/g:	-8676	-7000	13088	-154	-597	-1977
a/g:	-9272	-7344	13576	-289	-604	-1299
a/g:	-8908	-6888	13328	-155	-483	-775
a/g:	-8516	-7008	13300	-14	-399	-430
a/g:	-8196	-6608	12608	-210	-502	-585
a/g:	-8720	-6792	12832	-429	-490	-916
a/g:	-8556	-7344	13196	-525	-207	-770
a/g:	-8608	-7452	13616	-97	-441	-624
a/g:	-8020	-7028	13072	591	-1678	-831
a/g:	-7864	-6908	12632	-113	-568	-828
a/g:	-8324	-7204	13304	-274	-367	-796
a/g:	-8576	-7084	13256	-418	132	-477
a/g:	-8404	-7152	13216	-84	-250	-381
a/g:	-8404	-7032	13252	-88	-263	-301
a/g:	-8016	-7072	13336	-248	15	-228
a/g:	-8200	-7276	13112	-278	83	-56
a/g:	-8512	-7388	13468	-40	-113	-136
a/g:	-7792	-7040	12712	160	-414	-156
a/g:	-7956	-7000	13008	-160	67	-204
a/g:	-7976	-7288	13208	-237	23	-290
a/g:	-8048	-7180	13128	-176	31	-358
a/g:	-8272	-7380	13468	-171	214	0
a/g:	-8196	-7124	13028	-105	181	237
a/g:	-8156	-7252	13188	-138	229	82
a/g:	-8108	-7268	13196	-95	208	80
a/g:	-8072	-7280	13212	-109	76	33
a/g:	-8256	-7332	13408	-109	230	-87
a/g:	-7924	-7088	13160	21	29	134
a/g:	-8120	-7260	12980	-232	278	-33
a/g:	-8108	-7120	12796	-403	676	-50
a/g:	-8272	-7500	13404	-488	576	116
a/g:	-8324	-7436	13332	-222	353	80
a/g:	-8308	-7404	13028	-88	529	237
a/g:	-8012	-7272	13008	-206	544	334
a/g:	-8448	-7356	13056	-158	241	272
a/g:	-8472	-7520	13256	-42	202	269
a/g:	-8580	-7408	13112	-47	398	518
a/g:	-8548	-7380	13100	16	877	1242
a/g:	-8444	-7192	13208	318	109	1130
a/g:	-8404	-7248	13124	151	869	1276
a/g:	-8788	-7252	13108	-7	1155	1868
a/g:	-8604	-7184	13128	170	798	1843
a/g:	-8560	-6888	13076	138	1142	2240
a/g:	-7976	-7212	13104	24	1272	1867
a/g:	-8660	-6712	12756	44	1615	1854
a/g:	-8940	-6516	12380	-23	1140	1602
a/g:	-8976	-7040	13320	-189	1422	1565
a/g:	-9160	-6580	12672	280	757	1139
a/g:	-9152	-6480	12572	-133	514	1036
a/g:	-9452	-6528	12356	-425	846	1113
a/g:	-8852	-6548	12392	110	119	414
a/g:	-8988	-6752	12908	327	197	427
a/g:	-9124	-6320	12684	377	498	522
a/g:	-9160	-6544	12648	155	-104	423
a/g:	-9324	-6804	12588	269	445	667
a/g:	-9136	-6304	12324	341	211	388
a/g:	-9672	-6792	13048	505	317	639
a/g:	-8788	-6416	12572	461	316	381
a/g:	-9064	-6300	12540	155	-165	115
a/g:	-9260	-6188	12420	-17	228	107
a/g:	-9560	-6416	13024	-112	292	86
a/g:	-9516	-6496	12836	49	-67	91
a/g:	-9228	-6356	12780	86	-115	-34
a/g:	-9316	-6540	12608	-185	235	-103
a/g:	-9576	-6448	13024	-61	284	-39
a/g:	-9440	-6360	12744	2	139	48
a/g:	-9392	-6368	12676	-35	-57	144
a/g:	-9492	-6520	12784	-59	-265	132
a/g:	-9660	-6608	12828	7	-198	-146
a/g:	-9028	-6292	12684	183	-132	-343
a/g:	-9376	-6312	12416	145	-259	-449
a/g:	-9236	-6344	12872	-179	-336	-740
a/g:	-9028	-6192	12464	-879	-365	-751
a/g:	-8548	-6620	13160	-1030	247	-566
a/g:	-9624	-7012	13488	-1200	-308	-193
a/g:	-9604	-6816	13084	-329	-566	-483
a/g:	-8884	-6704	12604	-77	-679	-426
a/g:	-8332	-6612	12400	21	-1258	-1180
a/g:	-9004	-6680	12612	-268	-59	-1380
a/g:	-9120	-6752	12920	-351	-1144	-1877
a/g:	-8704	-6952	12792	-530	-906	-1337
a/g:	-8876	-6948	12884	-461	-721	-1217
a/g:	-9208	-7320	13404	-445	-200	-823
a/g:	-9504	-6920	13252	-125	-863	-864
a/g:	-8336	-6856	12580	-402	-426	-378
a/g:	-8564	-7312	13140	-319	-251	-530
a/g:	-8704	-7112	13048	-351	-321	-516
a/g:	-8564	-7276	12944	-259	-154	-350
a/g:	-8628	-7216	12960	-391	204	-117
a/g:	-8500	-7212	13168	-98	20	-275
a/g:	-8612	-7280	12980	-28	-164	-144
a/g:	-8584	-7344	12840	-49	-53	75
a/g:	-8496	-7424	13208	64	-265	-6
a/g:	-8340	-7084	12728	-70	160	-103
a/g:	-8488	-7144	12876	-83	163	-95
a/g:	-8628	-7464	13212	-46	61	-160
a/g:	-8636	-7392	13212	120	-147	-9
a/g:	-8364	-7232	12912	98	-54	112
a/g:	-8276	-7196	13028	10	-50	-121
a/g:	-8592	-7368	12900	-45	86	-194
a/g:	-8384	-7240	12852	-55	-31	-82
a/g:	-8608	-7504	13244	-78	159	-143
a/g:	-8500	-7212	12728	-6	37	-44
a/g:	-8268	-7276	12884	-103	-22	-6
a/g:	-8600	-7208	12924	-166	126	21
a/g:	-8396	-7408	13064	-98	41	-135
a/g:	-8300	-7360	13148	-8	-114	-211
a/g:	-8500	-7324	13184	-88	67	25
a/g:	-8508	-7324	12948	-32	-43	56
a/g:	-8280	-7380	12940	-5	183	77
a/g:	-8080	-7204	12864	-111	258	75
a/g:	-8780	-7468	13248	-66	225	-47
a/g:	-8564	-7180	12972	102	-177	72
a/g:	-8352	-7240	13036	11	63	122
a/g:	-7796	-7152	12660	-140	97	-147
a/g:	-8796	-7420	13476	-39	18	-65
a/g:	-8472	-7248	12892	59	105	161
a/g:	-8292	-7140	12944	62	51	163
a/g:	-8432	-7280	12956	-45	-16	90
a/g:	-8560	-7324	13176	45	-104	59
a/g:	-8388	-7240	13016	46	96	48
a/g:	-8444	-7244	13000	-14	190	53
a/g:	-8416	-7268	12896	13	86	9
a/g:	-8480	-7352	13180	1	76	-26
a/g:	-8356	-7180	12896	74	91	10
a/g:	-8464	-7192	12988	32	22	65
a/g:	-8288	-7324	13036	10	53	118
a/g:	-8428	-7300	13136	55	220	92
a/g:	-8636	-7224	13152	36	156	209
a/g:	-8512	-7268	13036	5	625	381
a/g:	-8664	-7304	13156	-12	634	782
a/g:	-8964	-7280	13364	102	824	1292
a/g:	-8552	-7448	13456	300	793	1657
a/g:	-8656	-7128	12960	204	879	1719
a/g:	-8664	-7036	13024	334	694	1798
a/g:	-8272	-6860	12652	92	1289	1783
a/g:	-9412	-6856	12548	193	1797	2076
a/g:	-8904	-6808	13104	233	1328	2083
a/g:	-9292	-6816	13132	529	1152	1993
a/g:	-8304	-6160	12444	573	908	1245
a/g:	-9360	-6844	13160	404	390	1037
a/g:	-9032	-6588	12828	509	694	870
a/g:	-9128	-6464	12500	280	646	799
a/g:	-9304	-6588	13068	334	1472	1300
a/g:	-9252	-6496	12864	375	739	1230
a/g:	-9452	-6028	12380	103	374	976
a/g:	-9744	-6168	12532	130	827	773
a/g:	-9324	-6408	12656	360	879	480
a/g:	-9444	-6308	12936	480	219	481
a/g:	-9536	-6232	12700	338	318	487
a/g:	-9668	-6164	12684	297	225	445
a/g:	-9608	-5900	12692	197	325	310
a/g:	-9604	-6092	12776	155	-77	138
a/g:	-9648	-5928	12532	65	-23	-23
a/g:	-9896	-6092	12800	-24	148	-139
a/g:	-9680	-6120	12784	56	-92	-247
a/g:	-9536	-5900	12396	40	133	-61
a/g:	-9780	-6300	12980	48	41	-11
a/g:	-9664	-5928	12508	104	-177	-28
a/g:	-9764	-6096	12624	148	-46	-119
a/g:	-9472	-6072	12700	71	-147	-59
a/g:	-9676	-6160	12736	41	-357	-314
a/g:	-9080	-6204	12464	157	-407	-657
a/g:	-8752	-6164	12732	-167	-1128	-759
a/g:	-9528	-5964	12492	-327	-78	-1042
a/g:	-9564	-6776	13308	-186	280	-568
a/g:	-10420	-6244	12784	-236	-761	-673
a/g:	-9256	-6244	12612	-92	-385	-721
a/g:	-9012	-6256	12432	11	-929	-1195
a/g:	-9352	-6448	13044	-590	-437	-1177
a/g:	-9732	-6504	12988	-430	-317	-917
a/g:	-9204	-6644	13160	-494	-515	-875
a/g:	-8864	-6436	12692	-493	-575	-903
a/g:	-9320	-6400	12652	-644	-294	-1123
a/g:	-9096	-6724	12864	-680	-517	-1070
a/g:	-9092	-6880	13020	-598	-599	-992
a/g:	-9124	-6724	12992	-629	-77	-890
a/g:	-8940	-6876	13036	-635	223	-384
a/g:	-9408	-7028	13116	-449	-209	-240
a/g:	-9044	-6816	12848	-178	-400	-198
a/g:	-8464	-6632	12884	-342	-592	-597
a/g:	-8888	-6576	12580	-553	-597	-477
a/g:	-9152	-7052	13208	-254	-139	-420
a/g:	-9112	-6984	12988	-164	-494	-217
a/g:	-8684	-7036	13092	-175	-414	19
a/g:	-8720	-6932	12820	-69	-176	-98
a/g:	-8420	-7092	12832	-206	-330	-452
a/g:	-9100	-6956	12912	-169	-21	-418
a/g:	-8480	-6884	12552	-612	89	-51
a/g:	-8832	-7320	13276	-258	-78	189
a/g:	-8860	-6756	12672	42	-139	-28
a/g:	-8576	-6880	12780	28	-187	-100
a/g:	-8448	-6984	12772	-124	-164	-235
a/g:	-9020	-7076	13076	-152	64	-199
a/g:	-8636	-7160	13012	-100	119	-96
a/g:	-8760	-7188	13032	36	128	-87
a/g:	-8864	-7128	12968	50	174	151
a/g:	-8740	-6984	13044	64	266	251
a/g:	-8592	-6784	12484	-49	212	124
a/g:	-8856	-7140	12980	-163	357	-30
a/g:	-8888	-7180	13224	12	104	173
a/g:	-7616	-6824	12804	68	740	364
a/g:	-8692	-7024	13028	-164	282	178
a/g:	-9124	-7116	13012	13	169	48
a/g:	-8644	-6960	12820	89	-132	187
a/g:	-8556	-6956	12944	-86	154	167
a/g:	-8488	-6928	12628	-114	-24	-110
a/g:	-9040	-7360	13176	-66	216	-36
a/g:	-8676	-7056	12800	-73	60	146
a/g:	-8596	-7096	12924	66	58	27
a/g:	-8572	-7048	12660	17	56	-5
a/g:	-9000	-7188	13116	-150	215	7
a/g:	-8628	-6896	12636	72	33	-1
a/g:	-8844	-7164	13044	-64	124	214
a/g:	-8608	-6908	12776	-22	68	93
a/g:	-8536	-6804	12560	-43	178	-150
a/g:	-8984	-7024	13040	-56	192	17
a/g:	-8788	-6952	12732	-88	59	44
a/g:	-8852	-7084	13072	-102	146	58
a/g:	-8604	-7124	12848	47	-40	107
a/g:	-8824	-7188	13124	-66	343	68
a/g:	-8564	-6924	12672	-11	-6	68
a/g:	-8788	-7148	12996	-122	53	-219
a/g:	-8760	-6992	12644	-9	-102	-47
a/g:	-8820	-7048	13000	-147	303	88
a/g:	-8968	-7156	12960	48	20	100
a/g:	-8672	-6916	12688	-69	182	126
a/g:	-8688	-7120	12924	-32	64	-57
a/g:	-8856	-7192	13012	-38	88	121
a/g:	-8852	-7200	12960	86	55	155
a/g:	-8580	-6972	12660	-49	76	30
a/g:	-8804	-6960	12884	-86	54	-99
a/g:	-8936	-7056	12788	-41	97	22
a/g:	-8708	-7280	13024	-41	30	93
a/g:	-8728	-7044	12948	-129	188	13
a/g:	-8768	-6956	12960	10	0	13
a/g:	-8696	-6972	12644	-25	-12	35
a/g:	-8800	-7072	12812	-32	69	-54
a/g:	-8916	-7168	13040	14	3	-7
a/g:	-8684	-7084	13092	-100	89	86
a/g:	-8868	-7088	12972	-93	179	83
a/g:	-8976	-7028	12736	-33	62	156
a/g:	-8680	-6992	12612	-91	-22	152
a/g:	-8736	-6936	12944	-237	286	151
a/g:	-9160	-7456	13600	128	-115	152
a/g:	-8788	-6820	12628	142	-404	188
a/g:	-8524	-6956	12724	-16	161	158
a/g:	-8664	-7036	12784	-310	538	5
a/g:	-9060	-7232	13088	-46	109	73
a/g:	-8728	-6968	12876	-6	140	269
a/g:	-8556	-6840	12584	9	384	143
a/g:	-8704	-7004	12740	-57	280	76
a/g:	-9016	-7168	13044	-12	-46	16
a/g:	-8732	-6912	12752	-59	174	109
a/g:	-8700	-7040	12932	6	148	146
a/g:	-8808	-7084	12908	-75	164	-11
a/g:	-8896	-7048	12936	-3	-62	74
a/g:	-8804	-6884	12864	-81	137	91
a/g:	-8824	-6964	12908	5	-128	-30
a/g:	-8880	-7076	12996	-18	88	82
a/g:	-8852	-7012	12796	-68	151	135
a/g:	-8856	-6928	12588	18	84	96
a/g:	-8716	-7068	12900	-89	147	19
a/g:	-8924	-7160	13084	17	45	23
a/g:	-8724	-6528	12476	165	76	-11
a/g:	-8884	-7192	13104	41	154	240
a/g:	-8364	-6736	12644	112	152	27
a/g:	-8856	-7020	12792	-220	433	313
a/g:	-8848	-6920	12696	22	516	181
a/g:	-9044	-7140	12944	-12	224	9
a/g:	-9220	-7232	13012	91	74	239
a/g:	-8900	-7192	12900	185	8	444
a/g:	-8556	-6952	12588	188	119	261
a/g:	-9116	-6928	12864	213	230	200
a/g:	-9124	-7192	13208	483	-192	86
a/g:	-9008	-6832	12884	468	-554	69
a/g:	-8988	-6708	12672	546	-245	89
a/g:	-8788	-6600	12660	376	-377	131
a/g:	-8364	-6956	12912	331	-178	-52
a/g:	-9496	-7324	13808	425	-273	-29
a/g:	-8888	-6628	12684	655	-678	229
a/g:	-8256	-6612	12716	427	-288	19
a/g:	-7848	-6392	12664	-109	514	194
a/g:	-9204	-7656	14388	-65	578	-22
a/g:	-9396	-6828	13124	728	-935	-16
a/g:	-8952	-6708	12884	522	-571	442
a/g:	-7868	-6576	12988	256	-78	365
a/g:	-8784	-6924	13660	431	-482	-137
a/g:	-8488	-6376	12712	390	-429	-112
a/g:	-8244	-6552	12880	90	80	117
a/g:	-8724	-6672	13536	129	87	-225
a/g:	-8628	-6284	12484	178	-244	-391
a/g:	-8184	-6620	13012	-145	335	-73
a/g:	-8844	-6948	13724	-172	319	-315
a/g:	-9052	-6740	13212	94	-137	-294
a/g:	-9252	-6812	13504	354	-506	105
a/g:	-8288	-6200	12616	27	51	277
a/g:	-8416	-6596	13040	-217	103	265
a/g:	-8456	-6624	13388	-289	486	310
a/g:	-8640	-6568	13104	-217	618	241
a/g:	-8724	-6580	13124	-302	824	175
a/g:	-9428	-6752	12892	-268	544	116
a/g:	-8604	-6808	13216	-252	397	289
a/g:	-8256	-6744	13028	-259	244	194
a/g:	-8756	-6872	13204	-186	449	-76
a/g:	-8788	-6620	13128	-168	246	35
a/g:	-8992	-6872	13268	-76	135	51
a/g:	-8808	-6664	12824	-171	147	57
a/g:	-8576	-6804	13208	-90	9	8
a/g:	-8708	-6728	13124	74	-64	-76
a/g:	-8748	-6756	12984	-33	96	-94
a/g:	-8820	-6868	13368	87	-78	-132
a/g:	-8724	-6608	13104	-43	57	-66
a/g:	-8656	-6612	12772	-16	-41	11
a/g:	-8936	-6896	13320	-15	133	9
a/g:	-8832	-6648	13064	-12	-37	-35
a/g:	-8756	-6816	13144	-68	81	12
a/g:	-8600	-6712	13156	-36	-3	67
a/g:	-8448	-6460	12788	-49	114	45
a/g:	-8632	-6504	12896	-234	393	-90
a/g:	-8784	-6652	13080	-184	321	-74
a/g:	-8840	-6716	13088	-195	294	31
a/g:	-8788	-6868	13152	-104	19	77
a/g:	-8756	-6896	13060	-8	0	98
a/g:	-8848	-6784	13044	-150	354	21
a/g:	-8836	-6756	12932	-65	134	19
a/g:	-8872	-6796	13224	-129	175	72
a/g:	-8824	-6748	13116	-19	106	118
a/g:	-8532	-6540	12772	-191	90	-43
a/g:	-8904	-6740	12936	-197	134	-14
a/g:	-8944	-6696	12868	-87	95	61
a/g:	-8880	-6740	13016	-57	228	69
a/g:	-8708	-6808	13032	-42	166	19
a/g:	-8788	-6916	13144	-140	176	73
a/g:	-8768	-6828	13084	-204	206	24
a/g:	-8796	-6652	12892	-158	87	99
a/g:	-8696	-6776	12976	-191	250	89
a/g:	-8724	-6904	13100	-100	261	62
a/g:	-8956	-6916	13128	-72	161	44
a/g:	-8956	-6748	12964	53	11	30
a/g:	-8712	-6704	12820	-171	65	0
a/g:	-8812	-7000	13084	-96	100	10
a/g:	-8736	-6956	13060	-48	129	-42
a/g:	-9028	-6836	12904	-36	20	18
a/g:	-8956	-6896	12928	63	-76	18
a/g:	-8776	-6800	12984	-60	60	31
a/g:	-8720	-6796	12968	-38	-16	20
a/g:	-8948	-6836	12988	57	-66	-16
a/g:	-8600	-6656	12852	-57	1	12
a/g:	-8792	-6940	13056	-79	5	19
a/g:	-8900	-7060	13276	28	21	54
a/g:	-8648	-6772	13144	72	-56	92
a/g:	-8684	-6804	12904	42	-27	101
a/g:	-8540	-6912	13100	10	-36	11
a/g:	-8656	-6852	12940	-27	87	4
a/g:	-9008	-6732	12948	-6	82	52
a/g:	-8832	-6564	12728	-75	53	45
a/g:	-8716	-6960	13324	-96	234	-4
a/g:	-8692	-6820	13020	24	17	115
a/g:	-8720	-6716	12992	-87	110	75
a/g:	-8868	-6848	12812	-33	152	22
a/g:	-8620	-6828	12964	-106	86	47
a/g:	-8740	-6732	12772	-73	44	37
a/g:	-8972	-6704	12848	30	-10	-22
a/g:	-8544	-6672	12732	-132	157	32
a/g:	-8740	-6776	13048	-172	176	31
a/g:	-8908	-7012	13104	-55	83	38
a/g:	-8728	-6780	12964	66	-74	50
a/g:	-8520	-6720	12988	-66	98	-2
a/g:	-8756	-6864	13108	-78	100	39
a/g:	-8888	-6752	12924	-23	-104	72
a/g:	-8768	-6780	13020	46	-76	126
a/g:	-8696	-6996	13152	156	-61	64
a/g:	-8504	-6840	12840	-11	134	-57
a/g:	-8700	-6852	13188	-139	271	-22
a/g:	-8988	-6936	13136	-21	71	28
a/g:	-8644	-6588	12744	-86	182	91
