a/g:	-8708	-5356	11108	-112	405	-91
a/g:	-9088	-5712	11472	-224	341	-309
a/g:	-9636	-6004	11696	-60	260	-111
a/g:	-8884	-5736	11652	-50	6	-28
a/g:	-8904	-5628	11380	-47	89	-162
a/g:	-9156	-5716	11584	-25	374	-372
a/g:	-9264	-5688	11428	-111	-40	-134
a/g:	-8812	-5648	11672	-90	102	-132
a/g:	-8936	-5424	11212	-39	366	-163
a/g:	-9044	-5528	11560	69	490	-379
a/g:	-9196	-5560	11412	-49	209	-319
a/g:	-9204	-5708	11636	-106	101	-296
a/g:	-9168	-5792	11816	-27	80	-212
a/g:	-8884	-5704	11624	-81	158	-74
a/g:	-8692	-5544	11508	-67	262	-246
a/g:	-9516	-5568	11384	-123	129	-299
a/g:	-9176	-5604	11520	-16	354	-267
a/g:	-8740	-5496	11488	-228	-2	-205
a/g:	-8992	-5708	11588	12	165	-369
a/g:	-10000	-5780	11256	-292	-1381	-476
a/g:	-9020	-5448	11388	-242	52	-557
a/g:	-8812	-5732	11684	-362	-289	-657
a/g:	-9164	-6004	11972	222	197	-504
a/g:	-9372	-6284	12152	326	653	65
a/g:	-9096	-5460	10984	340	-231	77
a/g:	-8540	-4864	10804	-170	172	-254
a/g:	-9252	-5960	11928	-151	-44	-416
a/g:	-9252	-6252	12324	345	58	-63
a/g:	-8812	-5524	12136	248	122	26
a/g:	-8860	-5096	10972	-154	361	-391
a/g:	-9392	-5876	11820	-148	329	-441
a/g:	-9556	-5944	12088	128	157	-94
a/g:	-9180	-5652	11904	736	212	-67
a/g:	-8452	-4784	10884	-13	489	-255
a/g:	-9324	-5520	11712	-208	430	-518
a/g:	-9520	-5812	11800	-107	13	-254
a/g:	-8932	-5520	11604	-96	250	-60
a/g:	-8716	-5240	11224	-229	100	-238
a/g:	-9208	-5764	11804	-161	-42	-341
a/g:	-8988	-5736	11720	-55	-91	-218
a/g:	-8812	-5360	11432	-19	205	-225
a/g:	-8904	-5456	11404	-191	301	-375
a/g:	-9208	-6008	11984	15	341	-350
a/g:	-9208	-5752	11820	59	397	0
a/g:	-8796	-5320	11300	-40	335	-86
a/g:	-8864	-5240	11280	-262	131	-376
a/g:	-8912	-5680	11892	-246	-17	-384
a/g:	-9228	-5740	11860	44	98	-233
a/g:	-8872	-5396	11492	-78	361	-157
a/g:	-8964	-5228	11288	-177	247	-296
a/g:	-9220	-5624	11796	-130	99	-371
a/g:	-9120	-5776	11744	27	225	-146
a/g:	-9044	-5340	11248	-57	212	-154
a/g:	-9028	-5476	11368	-86	295	-328
a/g:	-9252	-5536	11640	-108	126	-295
a/g:	-8944	-5656	11808	-54	215	-184
a/g:	-8996	-5624	11708	-8	226	-158
a/g:	-9168	-5304	11368	-156	218	-242
a/g:	-9060	-5468	11488	-138	22	-288
a/g:	-9552	-5792	12032	-143	389	-149
a/g:	-9188	-5976	12272	148	-161	59
a/g:	-9844	-5004	11704	218	578	383
a/g:	-8512	-5200	11584	-430	427	540
a/g:	-9432	-5088	11000	36	569	98
a/g:	-8800	-5348	11436	-299	600	-152
a/g:	-10004	-6316	12324	-348	378	351
a/g:	-9180	-5300	11460	-534	1188	1152
a/g:	-8436	-5128	11152	399	1475	300
a/g:	-9612	-5020	10372	-252	1399	-120
a/g:	-12132	-5736	11208	-300	-1210	-442
a/g:	-10576	-5232	10772	-1213	-988	168
a/g:	-7840	-6188	13256	-1922	-1465	521
a/g:	-10064	-5844	12088	-835	389	210
a/g:	-8512	-5588	11652	-664	1472	769
a/g:	-8804	-5176	11408	-28	1607	-97
a/g:	-9240	-4740	10544	327	591	-998
a/g:	-10100	-5820	11256	-236	475	-166
a/g:	-10012	-5924	11888	-433	72	544
a/g:	-9168	-5600	12068	-114	76	907
a/g:	-7996	-4928	11260	321	401	-44
a/g:	-8252	-5412	11620	52	784	-1106
a/g:	-10416	-6008	12108	216	1229	-617
a/g:	-9632	-5760	11856	257	164	4
a/g:	-9216	-5236	11336	-6	621	-73
a/g:	-9224	-5792	12160	180	1062	249
a/g:	-9588	-5352	11600	-126	794	345
a/g:	-9036	-5020	11160	-99	1150	302
a/g:	-9580	-5488	10792	-121	1433	231
a/g:	-10036	-6468	12656	-1366	2387	1072
a/g:	-10972	-5992	12404	-728	2502	1536
a/g:	-9184	-4952	10712	113	1267	1068
a/g:	-9092	-3824	9612	532	404	80
a/g:	-9280	-4872	10776	-219	759	-501
a/g:	-11576	-6048	11460	-2633	2898	1057
a/g:	-11512	-6924	13280	-778	1350	1681
a/g:	-9676	-4292	10808	-701	984	1383
a/g:	-8224	-3692	9404	435	247	126
a/g:	-9224	-4196	9732	-464	494	-910
a/g:	-11076	-5776	11568	-288	1508	-658
a/g:	-10208	-6272	12204	1110	2431	-151
a/g:	-10852	-4300	9848	513	884	-73
a/g:	-8704	-5012	10728	160	13	-783
a/g:	-10160	-5388	11116	784	2200	-953
a/g:	-11392	-5760	12224	2113	2388	-268
a/g:	-9924	-6296	12576	3949	3612	-126
a/g:	-9332	-4112	10172	4338	1771	-1133
a/g:	-10340	-4784	11108	8726	6491	-3289
a/g:	-12348	-2588	7016	5911	3563	-2738
a/g:	-12040	-3732	9036	-2455	1415	-1234
a/g:	-11848	-4752	10580	-597	278	-1252
a/g:	-10340	-4712	10564	446	-824	-751
a/g:	-9908	-4108	10292	2402	963	-1447
a/g:	-11692	-4536	10916	2300	1683	-1206
a/g:	-11944	-4120	10012	922	817	-532
a/g:	-10392	-5304	12412	5612	238	-1177
a/g:	-10904	-2316	7448	3413	246	-1675
a/g:	-11220	-3304	9348	-1188	6	-1362
a/g:	-12052	-5620	12340	212	174	-935
a/g:	-12680	-4360	11092	1097	-82	-221
a/g:	-11960	-3944	10220	212	-75	720
a/g:	-11200	-3792	10492	-48	-398	954
a/g:	-9668	-3736	10476	247	-779	133
a/g:	-10536	-3432	9952	-490	810	-464
a/g:	-11760	-4092	10484	-800	719	-228
a/g:	-11904	-4532	11480	-623	539	399
a/g:	-11432	-4196	10928	151	171	891
a/g:	-11072	-3484	9968	261	-74	854
a/g:	-10316	-3784	10388	-166	501	478
a/g:	-11452	-4104	10992	-258	779	547
a/g:	-11716	-4000	10872	122	568	771
a/g:	-11384	-3560	10372	-84	451	1065
a/g:	-10360	-3400	10172	-8	751	309
a/g:	-10664	-3008	10096	-338	179	-253
a/g:	-11284	-3548	10524	-141	630	-352
a/g:	-12056	-3976	10720	-309	232	-57
a/g:	-11424	-3872	10612	219	14	71
a/g:	-10888	-3568	10480	98	316	-102
a/g:	-10936	-3308	10468	189	671	-470
a/g:	-11456	-3496	10124	-288	295	-409
a/g:	-11636	-3716	10504	-63	1	-142
a/g:	-11384	-3744	10724	1	-375	-86
a/g:	-10844	-3304	10164	23	-469	-243
a/g:	-11080	-3208	10064	-365	-362	-347
a/g:	-11272	-3848	10764	-250	-266	-502
a/g:	-11892	-4148	11244	220	-239	-95
a/g:	-11076	-3692	10888	78	91	-16
a/g:	-10864	-3396	10288	-28	301	-155
a/g:	-11264	-3540	10716	-205	457	-267
a/g:	-11404	-3464	10352	-80	-90	-295
a/g:	-11320	-3728	10724	-58	44	-196
a/g:	-11044	-3652	10416	-133	105	-325
a/g:	-11008	-3496	10460	-188	331	-246
a/g:	-11292	-3720	10660	-140	166	-250
a/g:	-11596	-3540	10384	-156	132	-184
a/g:	-11096	-3560	10644	21	318	-109
a/g:	-10944	-3492	10492	4	81	-163
a/g:	-10980	-3424	10448	-224	184	-285
a/g:	-11572	-3784	10808	-104	152	-201
a/g:	-11252	-3692	10940	42	178	-64
a/g:	-10960	-3232	10220	83	242	-159
a/g:	-11148	-3476	10280	-41	278	-277
a/g:	-11544	-3788	10816	-119	417	-170
a/g:	-11380	-3620	10524	92	85	-66
a/g:	-10896	-3216	10168	-103	228	-106
a/g:	-11300	-3460	10392	-94	169	-230
a/g:	-11424	-3628	10508	-183	-82	-196
a/g:	-11184	-3460	10376	-245	-102	-167
a/g:	-11116	-3664	10612	-369	-239	-135
a/g:	-11064	-3664	10608	-213	235	-374
a/g:	-12180	-4068	11384	169	379	-236
a/g:	-11244	-3756	10888	87	303	-167
a/g:	-10636	-3212	10272	-294	61	-258
a/g:	-11456	-3596	10556	-551	4	-444
a/g:	-11728	-3788	10880	-118	47	-206
a/g:	-11128	-3412	10500	51	20	-96
a/g:	-10852	-3532	10524	-124	35	-292
a/g:	-11180	-3640	10492	-157	-85	-334
a/g:	-11576	-3912	11100	16	258	-124
a/g:	-10784	-3484	10656	274	215	-142
a/g:	-10868	-3184	10304	-321	354	-312
a/g:	-11492	-3520	10448	-176	153	-378
a/g:	-11460	-3892	10936	-359	115	-76
a/g:	-11204	-3280	10388	1	173	-131
a/g:	-10912	-3484	10384	-111	397	-312
a/g:	-11272	-3436	10568	-236	209	-323
a/g:	-11300	-3752	10780	-85	67	-174
a/g:	-11028	-3740	10808	24	231	-160
a/g:	-11108	-3396	10688	-45	347	-183
a/g:	-11160	-3356	10052	-253	449	-401
a/g:	-11208	-3716	10656	-100	112	-280
a/g:	-11384	-3728	10800	-346	284	-66
a/g:	-10884	-3592	10624	80	416	-250
a/g:	-11096	-3620	10608	-50	292	-205
a/g:	-11388	-3532	10472	-154	82	-284
a/g:	-11396	-3400	10292	-247	172	-202
a/g:	-11012	-3764	10984	21	94	-107
a/g:	-10940	-3532	10792	1	-33	-161
a/g:	-10956	-3380	10480	163	224	-284
a/g:	-11228	-3620	10652	-141	-19	-318
a/g:	-11380	-3600	10572	-135	354	-211
a/g:	-11124	-3440	10840	225	278	-146
a/g:	-11000	-3272	10204	-105	381	-223
a/g:	-11232	-3344	10480	-109	21	-313
a/g:	-11328	-3612	10644	-249	134	-249
a/g:	-10828	-3524	10684	-44	47	-263
a/g:	-10920	-3304	10428	-306	196	-269
a/g:	-11160	-3400	10400	-378	84	-441
a/g:	-11508	-3672	10708	-408	108	-346
a/g:	-11324	-3736	10648	-248	-303	-246
a/g:	-11276	-3348	10588	-572	-23	-259
a/g:	-14440	-3584	10608	-1684	-485	1482
a/g:	-10040	-3824	11340	-635	-4162	1133
a/g:	-10776	-3928	11208	-883	1724	1758
a/g:	-12360	-4676	12404	-1518	3062	3375
a/g:	-11336	-5168	14332	-2514	1705	3917
a/g:	-8996	-1484	7736	-1306	-573	1196
a/g:	-8136	-1884	8776	-838	-229	-1568
a/g:	-12964	-3680	10524	-685	103	-2202
a/g:	-14948	-3992	10548	-1259	-1253	-747
a/g:	-13220	-4620	12016	211	-7447	7
a/g:	-6892	-3596	11384	-1414	-2206	-310
a/g:	-11692	-5984	14624	-494	1993	1349
a/g:	-10224	-4616	12652	438	2492	1595
a/g:	-9448	-1856	8292	821	2940	121
a/g:	-11108	-2300	8424	-170	1180	-1110
a/g:	-13652	-3928	10632	-657	796	-991
a/g:	-12876	-4560	11532	-211	-846	-141
a/g:	-10480	-3596	10812	362	-672	234
a/g:	-9484	-3184	10564	273	402	-424
a/g:	-10804	-3804	10800	43	554	-920
a/g:	-12292	-3780	10672	258	1028	-232
a/g:	-11692	-3856	10864	476	324	60
a/g:	-10640	-2992	9724	-209	-78	-141
a/g:	-10504	-3252	10340	-93	474	-628
a/g:	-11724	-4468	11916	-82	485	-498
a/g:	-12160	-3800	10804	318	452	138
a/g:	-11380	-3660	10780	655	76	357
a/g:	-10252	-3112	10316	290	177	-123
a/g:	-10788	-2912	9884	-161	520	-462
a/g:	-11248	-3836	11168	124	461	-579
a/g:	-11272	-3624	10520	-186	360	-378
a/g:	-11284	-3228	10352	-87	81	-360
a/g:	-10712	-3528	10748	-374	122	-609
a/g:	-11360	-3344	10524	-302	276	-533
a/g:	-11144	-3544	10584	-28	258	-472
a/g:	-10992	-4012	11192	73	143	-461
a/g:	-11676	-3312	10288	14	331	-237
a/g:	-11168	-3564	10504	-56	189	-170
a/g:	-11012	-3548	10528	-178	458	-454
a/g:	-11432	-3480	10612	-16	132	-326
a/g:	-11368	-3768	10796	192	74	-190
a/g:	-11184	-3352	10576	-54	177	-196
a/g:	-11328	-3604	10828	-34	251	-153
a/g:	-11208	-3544	10788	-48	247	-55
a/g:	-11068	-3308	10428	-207	327	-149
a/g:	-11200	-3300	10268	-180	245	-321
a/g:	-11336	-3528	10528	-320	232	-327
a/g:	-11572	-3748	11016	-185	358	-73
a/g:	-11200	-3664	10644	-21	97	-10
a/g:	-11064	-3328	10520	-51	323	-306
a/g:	-11312	-3440	10624	-170	267	-385
a/g:	-11544	-3748	10816	-20	168	-262
a/g:	-11228	-3420	10356	-109	239	-101
a/g:	-10964	-3364	10300	-134	320	-287
a/g:	-11332	-3512	10456	-280	113	-334
a/g:	-11476	-3664	10728	-213	81	-262
a/g:	-11268	-3660	10632	93	39	-182
a/g:	-11204	-3424	10612	-83	-5	-131
a/g:	-10904	-3344	10316	-155	-108	-320
a/g:	-11432	-3596	10820	-139	50	-347
a/g:	-11420	-3784	11100	-95	-51	-159
a/g:	-10976	-3508	10604	286	21	-248
a/g:	-10924	-3520	10604	-105	147	-361
a/g:	-11352	-3352	10432	-320	161	-355
a/g:	-11816	-3840	11152	-368	200	-35
a/g:	-11768	-3480	9968	148	-1151	271
a/g:	-10176	-2312	8748	-1057	-581	533
a/g:	-10716	-3888	11564	-359	390	301
a/g:	-11596	-4324	11548	-973	2731	1346
a/g:	-11088	-3288	10572	-474	1472	989
a/g:	-10604	-2572	9228	-24	-306	-345
a/g:	-10944	-2572	9552	-144	-1236	-1235
a/g:	-12544	-4512	12188	-303	-285	-511
a/g:	-13580	-3888	10608	-777	-1129	576
a/g:	-7088	-2056	7816	2446	-9649	-3191
a/g:	-7132	-3856	11648	-1860	2185	-391
a/g:	-12396	-5732	14308	37	748	398
a/g:	-9192	-3764	11256	452	1620	342
a/g:	-9940	-2156	8952	-284	2253	-616
a/g:	-11920	-3188	9856	248	1360	-1411
a/g:	-12964	-4176	11372	65	115	-678
a/g:	-11944	-3884	11088	127	27	-11
a/g:	-10184	-3340	10724	94	-40	-40
a/g:	-10468	-3528	10604	111	-54	-487
a/g:	-11520	-3944	11168	363	363	-489
a/g:	-11908	-3492	10644	318	500	28
a/g:	-10748	-3244	10328	290	187	-146
a/g:	-10760	-3100	10228	-424	-22	-400
a/g:	-11416	-3720	10760	-57	84	-577
a/g:	-11440	-4472	11900	253	151	-153
a/g:	-11004	-3080	9904	568	653	38
a/g:	-10704	-3264	10416	54	260	-173
a/g:	-11236	-3336	10440	-572	-7	-462
a/g:	-11868	-3556	10764	-378	2	-399
a/g:	-10728	-3752	11184	286	50	-140
a/g:	-10796	-3268	10700	53	96	-137
a/g:	-11032	-3052	9964	-317	183	-474
a/g:	-11588	-3604	10860	-80	51	-580
a/g:	-11056	-3972	11428	98	-140	-174
a/g:	-10844	-3428	10628	-94	165	-60
a/g:	-10848	-3004	10132	29	246	-372
a/g:	-11028	-3728	11056	-125	41	-492
a/g:	-11296	-3660	11040	-86	3	-295
a/g:	-11248	-3456	10624	-24	74	-144
a/g:	-10980	-3556	10924	-133	95	-107
a/g:	-11116	-3480	10660	61	365	-310
a/g:	-10780	-3288	10540	-57	80	-279
a/g:	-11268	-3552	11096	-149	143	-313
a/g:	-11000	-3256	10460	-249	106	-322
a/g:	-11156	-3408	10652	-481	81	-410
a/g:	-10704	-3668	10884	-355	346	-557
a/g:	-11420	-3628	10936	59	332	-273
a/g:	-11012	-3548	10616	14	251	-165
a/g:	-10888	-3236	10564	-116	488	-398
a/g:	-11212	-3628	10900	-101	292	-332
a/g:	-11344	-3652	11036	21	110	-88
a/g:	-10832	-3452	10668	-82	32	-115
a/g:	-11012	-3360	10452	-232	11	-270
a/g:	-11492	-3824	11252	-249	-327	-106
a/g:	-10916	-3620	10920	76	-682	39
a/g:	-10656	-3276	10576	-190	-38	-157
a/g:	-10960	-3520	10692	-249	-271	-263
a/g:	-10928	-3608	11052	-26	-195	-223
a/g:	-10772	-3768	11416	182	583	-319
a/g:	-10856	-3316	10580	154	531	-223
a/g:	-10740	-2904	9960	-311	393	-392
a/g:	-11248	-3532	10880	-322	310	-490
a/g:	-11392	-4036	11600	84	-127	-179
a/g:	-10768	-3436	10488	-31	64	8
a/g:	-10704	-3116	10304	-245	512	-455
a/g:	-10652	-3504	10824	-687	640	-620
a/g:	-11796	-3912	11324	-135	263	-235
a/g:	-10988	-3580	10832	319	197	24
a/g:	-10532	-3284	10480	-97	113	-117
a/g:	-10788	-3388	10816	-136	-29	-370
a/g:	-11116	-3696	10820	-343	315	-476
a/g:	-10152	-2040	7724	-3015	1574	-360
a/g:	-11608	-4336	11496	-4470	731	-91
a/g:	-11204	-3408	10428	-11243	-756	515
a/g:	-11408	-3492	7996	-11643	120	-35
a/g:	-11036	-3244	8280	-15947	-4880	708
a/g:	-9748	-5580	9868	-18973	-3515	944
a/g:	-10772	-6896	11648	-15056	-3077	308
a/g:	-10664	-9100	12364	-8701	-1232	54
a/g:	-11164	-7080	8924	-10377	-1882	-7
a/g:	-9208	-7840	10144	-7950	-1594	-173
a/g:	-10636	-8040	10464	-4355	-1421	-276
a/g:	-10436	-8536	10252	-2705	-494	-447
a/g:	-8884	-8260	9256	1113	-567	-611
a/g:	-10468	-8292	9348	-544	601	-922
a/g:	-10028	-7984	9292	-923	24	-720
a/g:	-10396	-7300	8760	-22	101	-386
a/g:	-10564	-7412	8768	-963	-602	-414
a/g:	-10284	-8988	10360	986	-1175	-883
a/g:	-9460	-8108	9544	2341	569	-356
a/g:	-9876	-7376	8892	3158	791	-279
a/g:	-9956	-7128	8320	923	1027	-267
a/g:	-10324	-7812	9356	225	503	-369
a/g:	-10488	-7908	9688	604	774	-442
a/g:	-9980	-7764	9600	731	1071	-448
a/g:	-10140	-7632	9500	1546	448	-468
a/g:	-10136	-8104	9772	1814	886	-608
a/g:	-10340	-7944	9836	2252	585	-599
a/g:	-10356	-7064	8980	2015	467	-455
a/g:	-10300	-6884	9056	145	96	-321
a/g:	-10276	-8348	10344	556	2	-357
a/g:	-10356	-7436	9560	1125	-208	-148
a/g:	-9472	-6968	9072	644	-18	-234
a/g:	-10264	-7180	9476	-7	288	-197
a/g:	-10148	-7536	9768	221	475	-229
a/g:	-10248	-7288	9612	-1	1507	-119
a/g:	-10152	-7036	9332	124	363	-158
a/g:	-10140	-6864	9244	255	199	-347
a/g:	-10744	-7936	9992	68	391	-160
a/g:	-11892	-8808	10380	652	321	1387
a/g:	-10716	-6436	8700	315	904	1253
a/g:	-8708	-6420	9572	1245	737	809
a/g:	-10072	-6780	9448	307	1262	470
a/g:	-11348	-7608	10156	235	1148	342
a/g:	-9968	-6936	9740	885	-301	-279
a/g:	-10316	-6036	8928	93	499	-504
a/g:	-11604	-7252	9504	-233	-347	-333
a/g:	-11888	-7364	9916	-316	-1203	202
a/g:	-9756	-6252	9752	-798	-397	263
a/g:	-10832	-7852	10544	-263	1295	252
a/g:	-9540	-6592	9696	-313	1199	-126
a/g:	-11024	-6620	9416	-562	1720	-433
a/g:	-10448	-6252	8792	-1448	823	-811
a/g:	-11232	-7516	10260	-830	73	-921
a/g:	-10848	-7384	9880	-347	-512	-741
a/g:	-10404	-7560	9968	-193	132	-301
a/g:	-10140	-7316	9788	-85	252	-285
a/g:	-10172	-6720	9096	156	433	-417
a/g:	-10560	-7244	9948	195	461	-526
a/g:	-10752	-6976	9424	316	276	-286
a/g:	-10168	-8008	9888	1380	162	-443
a/g:	-10304	-6780	9212	-15	-80	-319
a/g:	-10336	-6976	9448	-187	94	-526
a/g:	-10744	-7412	9956	-183	81	-366
a/g:	-10732	-7152	9416	91	-68	-244
a/g:	-10336	-6776	9228	-27	-416	-311
a/g:	-10076	-7040	9412	-274	-217	-395
a/g:	-10396	-7220	9648	-101	253	-376
a/g:	-10672	-7600	10072	98	210	-106
a/g:	-10360	-7084	9748	293	154	-75
a/g:	-10084	-6532	9204	525	93	-204
a/g:	-10096	-6852	9388	-48	154	-346
a/g:	-10324	-6992	9680	-275	136	-391
a/g:	-10704	-7640	10232	-143	131	-214
a/g:	-10436	-7096	9584	54	146	-128
a/g:	-9944	-6620	9288	67	157	-245
a/g:	-10356	-7092	9588	29	101	-397
a/g:	-10632	-7236	9924	-98	195	-181
a/g:	-10172	-6908	9720	-85	-145	-208
a/g:	-10276	-6788	9656	-64	64	-384
a/g:	-10436	-6888	9588	-387	50	-306
a/g:	-10464	-7268	9972	-391	107	-209
a/g:	-10404	-7160	9748	45	-186	-207
a/g:	-10388	-7180	10024	129	-278	-228
a/g:	-10068	-6728	9616	80	-414	-198
a/g:	-11708	-6948	9312	-201	408	603
a/g:	-12084	-8252	11140	-1188	-2141	2534
a/g:	-9288	-6340	10268	-226	789	1365
a/g:	-9476	-6920	10136	-223	659	763
a/g:	-9728	-6768	9796	477	1082	86
a/g:	-11036	-7192	10428	107	1166	-95
a/g:	-9908	-5800	8844	584	412	-1195
a/g:	-11300	-7348	9948	184	954	-550
a/g:	-12456	-7012	9264	65	-68	-106
a/g:	-10244	-5972	9036	-287	-2013	-613
a/g:	-9356	-5640	9548	-1646	-188	-522
a/g:	-11192	-8596	11316	-587	1315	19
a/g:	-10144	-7416	10324	458	456	273
a/g:	-9852	-6268	9484	333	704	-126
a/g:	-10488	-6364	9060	-178	647	-583
a/g:	-11236	-6608	9616	-115	171	-1058
a/g:	-10880	-7508	10576	-241	-189	-331
a/g:	-10076	-7288	10428	353	-148	-40
a/g:	-9564	-6556	9504	148	530	-159
a/g:	-10204	-6364	9284	-237	530	-435
a/g:	-11260	-7508	10172	133	253	-244
a/g:	-10356	-6904	9940	342	22	-23
a/g:	-9712	-6200	9272	52	295	-226
a/g:	-10020	-6772	9956	-286	431	-481
a/g:	-11080	-7256	10236	-444	294	-283
a/g:	-10564	-7116	10232	713	290	-44
a/g:	-9772	-6120	9236	71	56	-78
a/g:	-10040	-6048	9112	-529	402	-398
a/g:	-10576	-7644	10608	-407	265	-640
a/g:	-11088	-7052	9956	51	244	-267
a/g:	-9920	-6700	9792	168	258	-17
a/g:	-9904	-6188	9460	-30	171	-277
a/g:	-10764	-6744	9848	-339	259	-356
a/g:	-10668	-7612	10612	140	-110	-201
a/g:	-10180	-6632	9860	71	-11	-108
a/g:	-9980	-6488	9496	-117	263	-227
a/g:	-10676	-6928	9868	-199	285	-376
a/g:	-10828	-7092	10292	259	-185	-281
a/g:	-10188	-6652	9824	107	363	24
a/g:	-9816	-6728	9948	-162	262	-139
a/g:	-10340	-6612	9836	-266	230	-330
a/g:	-10592	-6744	10044	-126	339	-164
a/g:	-10220	-6696	9796	15	189	-153
a/g:	-10120	-6564	9772	-194	48	-287
a/g:	-10472	-6616	9680	-224	307	-239
a/g:	-10372	-6916	10024	-63	162	-192
a/g:	-10240	-6708	9820	-99	65	-144
a/g:	-10276	-6648	9852	-256	140	-306
a/g:	-10284	-6776	10036	-281	271	-358
a/g:	-10524	-7048	10060	33	2	-281
a/g:	-10112	-6520	9612	-258	126	-300
a/g:	-10168	-6980	10284	-260	53	-392
a/g:	-11620	-7396	10328	199	312	308
a/g:	-8092	-5500	9220	755	-1734	-507
a/g:	-8544	-7516	11036	-995	505	619
a/g:	-10612	-8692	11812	317	637	822
a/g:	-8588	-6240	9808	763	1206	976
a/g:	-10368	-5580	9228	100	642	-245
a/g:	-9952	-6268	9316	-537	816	-1005
a/g:	-12776	-6552	9112	-162	-829	-1095
a/g:	-10604	-6480	9744	-1167	-2075	-834
a/g:	-11336	-5412	8512	-1816	-1588	-1304
a/g:	-9904	-9340	12200	-1172	552	-76
a/g:	-10152	-7956	11308	708	573	409
a/g:	-8992	-6436	9568	716	1204	100
a/g:	-10484	-5608	8624	-42	1267	-369
a/g:	-11276	-6532	9600	-170	317	-842
a/g:	-11132	-7056	9904	-480	-703	-612
a/g:	-9864	-7436	10516	-150	-231	-255
a/g:	-9112	-6692	10068	-146	262	-233
a/g:	-10088	-6944	10000	202	796	-458
a/g:	-10860	-6832	9884	-94	605	-443
a/g:	-10692	-6996	9952	245	458	-149
a/g:	-9992	-6740	10012	48	55	-212
a/g:	-9920	-6768	9800	-60	347	-315
a/g:	-10328	-6748	9732	38	400	-286
a/g:	-10676	-7244	10248	109	141	-202
a/g:	-10368	-6776	9928	-96	188	125
a/g:	-9592	-6944	10064	146	142	-285
a/g:	-10264	-6348	9512	-142	197	-414
a/g:	-10452	-7272	10048	-229	278	-244
a/g:	-10544	-7084	10024	440	204	-219
a/g:	-9748	-6776	9960	214	228	-66
a/g:	-10084	-6176	9428	-134	356	-243
a/g:	-10616	-6788	9748	-331	434	-493
a/g:	-11072	-7588	10484	-147	1	-179
a/g:	-10028	-6884	9924	97	-78	25
a/g:	-9616	-6496	9512	-254	308	-240
a/g:	-10380	-6676	9752	-485	355	-570
a/g:	-10912	-7236	10288	-54	324	-242
a/g:	-10228	-7000	10044	193	1	21
a/g:	-9744	-6236	9292	95	296	-165
a/g:	-10224	-6556	9720	-305	201	-426
a/g:	-10588	-7120	9984	-136	166	-344
a/g:	-10376	-7412	10452	224	156	-23
a/g:	-10052	-6476	9580	277	190	-20
a/g:	-9960	-6492	9768	74	410	-157
a/g:	-10692	-6808	10000	-185	397	-91
a/g:	-10596	-6912	9984	-97	194	-64
a/g:	-10136	-6604	9888	35	144	-155
a/g:	-10256	-6720	9916	-110	443	-204
a/g:	-10328	-6648	9864	-121	198	-254
a/g:	-10432	-6504	9736	44	260	-182
a/g:	-10040	-6624	9656	-235	46	-315
a/g:	-10192	-6596	9952	-96	252	-327
a/g:	-10528	-6880	10008	-274	134	-356
a/g:	-10492	-6812	9992	-418	-126	-400
a/g:	-10380	-7256	10424	-154	28	-377
a/g:	-10396	-7148	10280	7	313	-225
a/g:	-10152	-6632	9840	72	309	-61
a/g:	-10172	-6524	9480	182	335	-176
a/g:	-10424	-6676	9948	-117	243	-203
a/g:	-10332	-6748	10040	31	167	-168
a/g:	-10280	-6844	10264	39	305	-70
a/g:	-10428	-7024	10112	173	226	-81
a/g:	-10392	-6400	9632	-36	351	-43
a/g:	-10020	-6468	9808	-119	254	-258
a/g:	-10092	-7156	10192	-167	91	-329
a/g:	-10880	-6992	10176	-155	288	-132
a/g:	-10084	-6432	9868	19	145	-154
a/g:	-10068	-6220	9288	-384	141	-367
a/g:	-11104	-7328	9904	-738	692	-19
a/g:	-12472	-7296	9972	76	-1043	1396
a/g:	-11628	-6536	10140	-1370	-279	1666
a/g:	-10576	-7120	10776	190	719	430
a/g:	-9244	-6928	10312	276	1608	1027
a/g:	-11196	-6760	9980	618	2126	558
a/g:	-10176	-5112	8172	76	151	-785
a/g:	-11704	-6496	9428	137	1187	-617
a/g:	-12608	-6236	8748	-927	-339	-646
a/g:	-10376	-5072	8448	-778	-2147	-1366
a/g:	-9316	-5680	8640	-1526	-2547	-2542
a/g:	-9892	-8840	11780	-1091	1067	-554
a/g:	-10404	-8504	11612	338	80	19
a/g:	-9508	-6096	9336	588	1274	154
a/g:	-9668	-5380	8728	5	1010	-610
a/g:	-11156	-6416	9512	-303	227	-867
a/g:	-11540	-7276	10220	-360	-189	-591
a/g:	-10452	-7136	10368	-271	-198	-174
a/g:	-9332	-6456	9716	-176	185	-301
a/g:	-10024	-7136	10208	34	594	-384
a/g:	-11068	-7032	10188	-163	363	-113
a/g:	-10392	-6584	9516	48	330	-239
a/g:	-9860	-6452	9896	-505	234	-331
a/g:	-10556	-7052	10052	69	1280	-501
a/g:	-10848	-7384	10484	15	374	-339
a/g:	-10680	-6420	9344	46	326	-3
a/g:	-10000	-6400	9548	235	240	-223
a/g:	-10292	-6500	9608	-422	80	-338
a/g:	-10744	-6980	9936	-224	219	-334
a/g:	-10412	-7092	10080	60	93	-139
a/g:	-10424	-6740	9768	382	397	-85
a/g:	-10040	-6508	9624	-9	474	-280
a/g:	-10356	-6416	9528	-298	412	-406
a/g:	-10708	-7400	10228	31	213	-290
a/g:	-10864	-6860	9956	200	-5	-21
a/g:	-10024	-6284	9532	115	359	17
a/g:	-10080	-6540	9748	-198	82	-369
a/g:	-10844	-6500	9708	-475	279	-370
a/g:	-10624	-7480	10532	234	182	-193
a/g:	-10452	-6604	9828	120	-135	-54
a/g:	-10048	-6460	9620	285	235	-315
a/g:	-10432	-6536	9720	-361	112	-310
a/g:	-10552	-6880	10020	-266	204	-415
a/g:	-10708	-6928	10028	50	-1	-237
a/g:	-10160	-6704	9948	115	249	-43
a/g:	-10140	-6660	9732	21	127	-258
a/g:	-10608	-6732	9740	8	272	-410
a/g:	-10680	-6920	9888	-101	31	-207
a/g:	-10388	-6644	9832	59	156	-146
a/g:	-10020	-6524	9688	54	257	-183
a/g:	-10356	-6764	10080	-95	287	-297
a/g:	-10552	-6504	9556	-141	285	-345
a/g:	-10424	-6380	9544	-196	160	-309
a/g:	-10232	-6992	10012	-14	119	-295
a/g:	-10428	-6756	9880	-153	130	-243
a/g:	-10396	-6496	9524	-255	233	-246
a/g:	-10432	-6720	9800	163	180	-288
a/g:	-10304	-6896	10148	-59	7	-215
a/g:	-10344	-6428	9796	-42	249	-249
a/g:	-10356	-6580	9692	-198	292	-343
a/g:	-10556	-6744	9780	-321	-5	-251
a/g:	-10144	-6768	9924	-202	299	-215
a/g:	-10268	-6692	10028	-11	169	-343
a/g:	-10520	-6416	9500	-21	144	-338
a/g:	-10348	-6860	9940	-156	22	-255
a/g:	-10260	-6816	9900	-56	122	-299
a/g:	-10256	-6560	9688	-150	230	-215
a/g:	-10576	-6720	10052	-8	334	-144
a/g:	-10340	-6696	9984	-68	133	-172
a/g:	-10420	-6584	9824	-39	235	-250
a/g:	-10240	-6760	9884	-20	124	-313
a/g:	-10524	-6880	10132	-225	273	-334
a/g:	-10512	-6676	9800	-137	297	-253
a/g:	-10456	-6748	9884	-13	242	-274
a/g:	-10316	-6620	9772	-125	86	-236
a/g:	-10328	-6616	9828	-123	348	-296
a/g:	-10548	-6900	10012	-236	250	-236
a/g:	-10392	-6672	9820	-102	237	-247
a/g:	-10328	-6776	9796	-184	266	-328
a/g:	-10488	-6772	9924	-59	190	-285
a/g:	-9904	-6808	9820	-111	438	-322
a/g:	-11184	-6908	10224	-92	1751	-229
a/g:	-10356	-6624	9800	-173	401	-260
a/g:	-10808	-6708	9964	-197	296	-195
a/g:	-10748	-6720	9800	-92	87	-237
a/g:	-10304	-6492	9700	-75	151	-232
a/g:	-10368	-6832	10020	83	32	-231
a/g:	-10356	-6452	9464	-116	275	-291
a/g:	-10520	-6632	9844	-210	258	-457
a/g:	-10480	-6756	10164	23	61	-432
a/g:	-10376	-6728	9776	-54	86	-439
a/g:	-10412	-6604	9608	61	308	-622
a/g:	-10216	-6992	10196	420	505	-1107
a/g:	-10548	-6796	9712	75	236	-767
a/g:	-10748	-7240	10180	252	345	-725
a/g:	-10888	-6528	9560	97	351	-577
a/g:	-10032	-7284	8344	2036	-161	-1084
a/g:	-10244	-6992	10268	81	-41	-894
a/g:	-10360	-6920	9924	1140	-47	-1220
a/g:	-10456	-6920	10128	112	-121	-1167
a/g:	-9996	-7252	12464	3793	-200	-1567
a/g:	-10828	-6732	9608	105	-281	-934
a/g:	-9588	-6316	9820	27	268	-1173
a/g:	-10088	-6724	9912	1315	95	-1520
a/g:	-10464	-7148	10532	613	-497	-1821
a/g:	-10700	-6944	10360	967	-956	-2099
a/g:	-9900	-7144	10308	439	-1701	-2120
a/g:	-8824	-6192	9856	226	-541	-2102
a/g:	-9504	-7012	10456	603	-171	-2113
a/g:	-11060	-7400	10612	1636	11	-2524
a/g:	-9660	-7344	10504	1566	598	-1592
a/g:	-9700	-6800	10156	1591	659	-1410
a/g:	-10132	-7284	10636	3200	1531	-3376
a/g:	-9904	-6580	9964	3752	1338	-3865
a/g:	-10772	-6624	9680	2601	699	-2540
a/g:	-9268	-7688	11664	1653	-605	-3666
a/g:	-10600	-6692	10480	2100	-1939	-4443
a/g:	-9180	-7148	10608	-18	-3098	-3333
a/g:	-8404	-6976	10448	-188	-1654	-2020
a/g:	-8588	-6864	11220	254	-2042	-3000
a/g:	-8784	-7708	11516	1340	-2985	-3253
a/g:	-8392	-6332	9828	272	-2164	-2320
a/g:	-8804	-7444	11328	-160	-2742	-2265
a/g:	-8048	-7604	11908	190	-3872	-2953
a/g:	-8388	-7036	10620	-275	-3409	-2322
a/g:	-6676	-7020	10912	-1282	-3285	-1848
a/g:	-6184	-7292	11604	-1355	-2083	-3278
a/g:	-6692	-7944	11904	-572	-2141	-3455
a/g:	-7456	-8460	12600	-26	-1514	-2426
a/g:	-6656	-8080	12432	-476	-1658	-2048
a/g:	-6684	-7660	11356	-1055	-1887	-2733
a/g:	-6208	-7996	11492	-840	-1953	-2313
a/g:	-4820	-8220	12160	-896	-2055	-2467
a/g:	-6204	-8264	12272	-243	-3000	-3917
a/g:	-6892	-8828	12504	484	-2897	-2449
a/g:	-5940	-8452	12384	-897	-1269	-880
a/g:	-6060	-8152	12084	-1037	-1361	-1474
a/g:	-6132	-8596	12436	-238	-1909	-1511
a/g:	-5368	-7784	11300	-322	-2394	-646
a/g:	-4648	-8064	11796	-578	-1738	-426
a/g:	-4960	-8008	11796	-412	-360	-402
a/g:	-5860	-8136	11188	-1688	-420	-26
a/g:	-4696	-9104	13072	-459	-424	-877
a/g:	-5764	-8764	12336	-271	-772	-534
a/g:	-4872	-9236	12832	5	-509	-250
a/g:	-4844	-8368	11880	149	324	129
a/g:	-4560	-8508	11948	-25	835	161
a/g:	-5260	-8576	12404	160	355	135
a/g:	-5044	-8372	11988	-245	137	86
a/g:	-4916	-8532	11836	-275	-165	-60
a/g:	-5028	-9232	13428	-55	216	76
a/g:	-5104	-8476	12040	-588	376	68
a/g:	-5744	-7808	11256	-1600	-615	70
a/g:	-4420	-9120	13192	-596	216	176
a/g:	-5248	-8204	11348	-851	-423	44
a/g:	-5504	-8408	11928	-3242	-1796	-11
a/g:	-4540	-9396	13572	-2714	-632	218
a/g:	-5140	-8244	11104	-2301	-1785	-704
a/g:	-7308	-7436	10148	-7032	-3640	-666
a/g:	-6556	-7248	9648	-11447	-5252	-93
a/g:	-3996	-8848	8596	-15106	-5198	440
a/g:	-3692	-10012	8264	-18266	-4507	-142
a/g:	-4304	-14168	11820	-19935	-4936	349
a/g:	-2316	-17364	15932	-9299	-2038	696
a/g:	-3812	-11520	8056	-2410	-1272	-180
a/g:	-2932	-11800	8468	-2586	-1738	-82
a/g:	-2424	-12732	9392	-364	87	-703
a/g:	-3212	-13096	9340	773	2287	-230
a/g:	-2824	-12620	9060	1075	1567	-513
a/g:	-4288	-12864	9508	3472	1962	-1061
a/g:	-3792	-12676	9560	5561	1536	-1403
a/g:	-4536	-11828	7572	4358	379	-1425
a/g:	-3460	-11480	9044	1963	444	-244
a/g:	-3536	-12180	10272	3632	423	-507
a/g:	-4056	-11512	9532	3837	-160	-828
a/g:	-3356	-13148	11960	5766	571	-511
a/g:	-4296	-11140	10320	8728	499	-920
a/g:	-4260	-9588	8332	4992	392	-76
a/g:	-3384	-9992	9512	653	239	482
a/g:	-3452	-10664	10668	537	-9	382
a/g:	-3808	-10684	10656	652	518	556
a/g:	-3596	-11092	11084	694	11	643
a/g:	-3776	-10368	10636	812	620	244
a/g:	-3564	-10264	10504	534	770	657
a/g:	-3316	-10716	11352	683	871	97
a/g:	-4512	-11152	11416	2436	188	-389
a/g:	-4060	-10280	10648	1637	444	-147
a/g:	-4204	-10452	11084	1199	396	-262
a/g:	-3532	-10120	10644	1213	137	-300
a/g:	-3920	-9692	10532	286	225	-2
a/g:	-3260	-10148	11088	752	467	-209
a/g:	-4004	-10444	11420	543	-53	-426
a/g:	-3964	-10012	10840	413	363	-92
a/g:	-3948	-9768	10844	-27	339	61
a/g:	-3780	-10524	11624	262	408	-201
a/g:	-4252	-10212	11224	393	165	-195
a/g:	-3960	-10072	11080	265	304	-35
a/g:	-3712	-9936	11108	-153	155	-112
a/g:	-4124	-10156	11308	-196	197	-225
a/g:	-4040	-10028	11032	-25	211	-88
a/g:	-4004	-9996	11152	-100	333	-21
a/g:	-3716	-10096	11492	22	306	-189
a/g:	-4120	-10200	11396	77	301	-220
a/g:	-3964	-10248	11400	99	212	-262
a/g:	-3976	-10028	10972	-46	215	-227
a/g:	-3880	-9912	11104	101	371	-105
a/g:	-3956	-10368	11480	220	350	-249
a/g:	-4164	-10040	11076	62	395	71
a/g:	-4084	-9764	10908	-33	428	130
a/g:	-4168	-9996	10808	499	1045	251
a/g:	-4472	-9900	11252	193	947	673
a/g:	-4340	-9688	11144	-12	825	641
a/g:	-4076	-9908	11228	-20	648	471
a/g:	-4292	-9744	11064	-188	334	336
a/g:	-4336	-9992	11332	-325	716	272
a/g:	-4552	-9984	11376	-155	746	328
a/g:	-4460	-9748	11212	-335	850	597
a/g:	-5000	-10096	11380	-288	770	289
a/g:	-4584	-10096	11236	-625	585	664
a/g:	-4776	-10036	11100	-609	606	848
a/g:	-4648	-10516	11944	-172	1259	1139
a/g:	-5080	-10168	11588	241	1348	1170
a/g:	-4644	-9332	10368	-159	649	976
a/g:	-4684	-9952	11436	-1083	1160	1219
a/g:	-5256	-10256	11400	129	1785	1085
a/g:	-5068	-9904	10236	-298	1704	1295
a/g:	-4700	-9312	10312	-2569	1480	1372
a/g:	-5452	-10772	12108	-2983	1705	1553
a/g:	-6104	-9976	10600	-1896	1920	1876
a/g:	-5364	-11436	12864	510	1484	1650
a/g:	-5392	-8732	9340	-128	1614	741
a/g:	-6100	-9220	9420	-2356	1172	1661
a/g:	-5620	-9748	10296	-2017	2096	1241
a/g:	-6100	-10360	10896	-1184	1554	725
a/g:	-6436	-9468	9612	-931	1164	435
a/g:	-6516	-10632	10556	-1506	637	707
a/g:	-6872	-10524	10460	-1076	1045	1161
a/g:	-6384	-10024	10244	-1076	511	1200
a/g:	-5712	-9492	9516	-510	726	717
a/g:	-6176	-10704	10756	-474	818	269
a/g:	-7196	-10052	9348	-610	1059	464
a/g:	-6940	-10160	10500	-2933	1104	950
a/g:	-6048	-9904	10064	-897	1695	998
a/g:	-7228	-10296	9980	-840	553	642
a/g:	-6572	-10488	10088	65	1918	615
a/g:	-7384	-9964	9648	197	1348	914
a/g:	-7228	-10124	9572	-951	954	651
a/g:	-7004	-9816	9496	-3485	592	1050
a/g:	-7416	-10480	10108	-2979	57	818
a/g:	-7000	-10336	9896	-981	502	240
a/g:	-7652	-9332	7988	-2167	-162	181
a/g:	-7096	-10804	10164	-2823	-284	313
a/g:	-7220	-9896	9272	-984	-112	192
a/g:	-7168	-10532	9396	726	116	-85
a/g:	-7120	-10396	9548	425	28	-203
a/g:	-7316	-10364	9340	833	11	-359
a/g:	-7232	-10108	9260	769	-73	-236
a/g:	-6840	-9920	9156	619	70	-291
a/g:	-6688	-9832	9828	1387	84	-985
a/g:	-6952	-9900	9592	2829	-38	-1506
a/g:	-7112	-9932	8860	1401	108	-1411
a/g:	-7192	-10200	9708	1713	-541	-1370
a/g:	-7108	-10128	9944	2289	-42	-1254
a/g:	-6968	-9632	9380	1632	-320	-1401
a/g:	-7344	-9992	9944	1061	-595	-1426
a/g:	-6708	-9960	10716	3716	-1201	-1860
a/g:	-6492	-9848	11040	7753	-1381	-2801
a/g:	-6008	-8908	9256	7959	-646	-2570
a/g:	-6788	-9704	11412	6182	-822	-2402
a/g:	-6484	-9712	11724	8116	-980	-2644
a/g:	-5556	-8544	10840	5289	-881	-2055
a/g:	-6360	-8704	11812	3932	-164	-1468
a/g:	-6040	-8600	12196	3160	-941	-1345
a/g:	-6088	-7964	11652	4029	-1190	-1589
a/g:	-5692	-7792	11428	2649	-1748	-1398
a/g:	-5728	-8252	12600	1908	-844	-1349
a/g:	-5740	-7960	12116	1075	-1776	-1517
a/g:	-5184	-8132	12560	1333	-360	-1185
a/g:	-5580	-8148	12640	1353	-244	-1020
a/g:	-5324	-8368	13552	4403	-723	-1525
a/g:	-5940	-6568	10732	2609	-762	-1100
a/g:	-5488	-7124	11676	-305	-501	-471
a/g:	-5032	-7856	13416	-275	-951	-672
a/g:	-4740	-7920	13408	779	-635	-1008
a/g:	-4356	-6920	12404	1752	-590	-1549
a/g:	-5316	-7264	12100	1446	429	-1504
a/g:	-3824	-7588	13008	1163	1292	-2062
a/g:	-6348	-7640	13096	1423	1321	-1576
a/g:	-4640	-6912	12752	2004	-321	-1565
a/g:	-5180	-7048	12532	991	-40	-1342
a/g:	-4608	-7580	13144	111	-563	-870
a/g:	-5512	-7760	13676	520	274	-946
a/g:	-5104	-7420	13132	-6	-195	68
a/g:	-4516	-7020	12668	-233	99	100
a/g:	-4484	-6868	12616	-365	335	-196
a/g:	-4568	-7288	13096	-397	669	-315
a/g:	-4800	-7264	13288	-1016	1347	-271
a/g:	-5576	-7272	12864	-1068	918	158
a/g:	-4712	-7212	12696	-1847	612	338
a/g:	-4632	-7344	12844	-1622	704	175
a/g:	-5276	-7412	12776	-996	473	-36
a/g:	-5440	-7612	12932	-933	500	474
a/g:	-5212	-7572	12856	-695	349	386
a/g:	-4420	-7336	12212	-1588	1295	441
a/g:	-5788	-7724	12888	-1706	1259	576
a/g:	-5384	-7776	12684	-1839	987	937
a/g:	-5592	-7904	12684	-1158	491	716
a/g:	-5324	-7620	11956	-1252	384	746
a/g:	-5100	-7604	12192	-1619	901	819
a/g:	-5728	-7948	12416	-1652	1369	1066
a/g:	-6180	-8476	12876	-1536	1365	1333
a/g:	-5832	-8000	12108	-1841	1212	1662
a/g:	-5040	-7536	11308	-2343	1919	1536
a/g:	-5864	-8116	12300	-2796	2019	1505
a/g:	-6204	-7888	11832	-1840	1171	928
a/g:	-6300	-8176	11672	-1895	1171	1008
a/g:	-6732	-8528	12088	-2029	682	1137
a/g:	-6560	-8228	11472	-2001	581	1231
a/g:	-5748	-8000	11244	-1901	308	1077
a/g:	-6712	-8280	11004	-2109	1041	1320
a/g:	-6592	-7940	10732	-3055	940	1370
a/g:	-6760	-8820	11692	-2962	498	1059
a/g:	-6468	-8140	10580	-2730	64	929
a/g:	-6476	-9004	11464	-3070	190	815
a/g:	-6624	-8488	10336	-3448	101	333
a/g:	-7148	-8896	10520	-4503	187	614
a/g:	-6836	-9320	11164	-3075	-294	486
a/g:	-6864	-9208	10764	-2409	1088	405
a/g:	-6612	-9252	10244	-3243	489	178
a/g:	-7052	-9408	10156	-3646	104	398
a/g:	-6936	-10212	11404	-2150	173	299
a/g:	-6464	-9064	9840	-1938	204	-110
a/g:	-7060	-9800	10504	-2275	112	-298
a/g:	-7052	-9804	10136	-2215	15	-323
a/g:	-7108	-9940	10340	-1712	-263	-275
a/g:	-6644	-9568	9800	-1464	188	-113
a/g:	-7244	-9972	9888	-1737	93	-107
a/g:	-6892	-10312	10520	-1398	-117	-183
a/g:	-6692	-9896	10044	-236	47	-303
a/g:	-6700	-9780	9644	25	139	-169
a/g:	-6948	-10184	10120	304	148	-185
a/g:	-6892	-10072	9908	391	23	-246
a/g:	-6788	-9800	9704	659	-222	-445
a/g:	-6244	-9616	9944	1021	-234	-746
a/g:	-6504	-9504	10288	3162	-76	-1035
a/g:	-6652	-9448	10152	5176	192	-1644
a/g:	-6568	-8908	9764	5047	-1095	-2119
a/g:	-6572	-9464	10624	3825	-1071	-2190
a/g:	-6664	-9776	10924	3507	-1086	-1983
a/g:	-6528	-9596	11684	4583	-262	-1662
a/g:	-6328	-9272	11532	7689	-638	-2133
a/g:	-5680	-8384	11028	8079	-463	-2231
a/g:	-6052	-8016	11196	5494	524	-2051
a/g:	-6112	-8468	12316	6602	486	-2107
a/g:	-6660	-7728	12228	6805	-373	-2075
a/g:	-5796	-7352	11628	5878	-825	-2048
a/g:	-5812	-6904	11412	3077	-215	-1568
a/g:	-5412	-7348	13228	4003	-1402	-2164
a/g:	-5996	-6984	12416	4793	-798	-2237
a/g:	-5892	-7092	13044	2592	-948	-1655
a/g:	-5136	-6536	12740	1682	-973	-1132
a/g:	-5268	-6928	13172	1570	-627	-1255
a/g:	-5556	-6832	13460	3072	-1310	-1442
a/g:	-5428	-6772	13116	1773	-1494	-741
a/g:	-4424	-6544	13024	489	-78	-620
a/g:	-5092	-6656	13668	371	-146	-834
a/g:	-4980	-6352	13136	1139	-332	-1076
a/g:	-4932	-6332	13412	1758	-482	-1106
a/g:	-4988	-6140	13136	1350	-635	-1011
a/g:	-4676	-6420	13716	1085	-760	-887
a/g:	-5016	-6436	13796	1683	-530	-620
a/g:	-5532	-6536	13928	1432	-503	-131
a/g:	-4472	-6160	13624	968	-831	232
a/g:	-3692	-5796	13108	303	406	-367
a/g:	-4712	-5912	13720	150	802	-603
a/g:	-4824	-5744	13164	-122	767	-405
a/g:	-4896	-5876	13256	-391	448	-350
a/g:	-4476	-6196	13712	-463	731	-510
a/g:	-5160	-6160	13764	-432	887	-326
a/g:	-4616	-5908	13296	-377	271	-88
a/g:	-4404	-5848	13372	-82	860	-419
a/g:	-5508	-6012	13432	-294	443	-449
a/g:	-5204	-6176	13484	-401	12	-124
a/g:	-5188	-6188	13552	-309	-257	165
a/g:	-4544	-6132	13692	-383	-77	149
a/g:	-4960	-5848	12908	-1144	-157	189
a/g:	-4148	-6544	14192	-810	262	49
a/g:	-5312	-6652	13984	-1124	1094	175
a/g:	-5128	-6232	12768	-2652	1260	701
a/g:	-4860	-6296	12668	-4841	1477	1361
a/g:	-4788	-6584	13300	-3437	1547	908
a/g:	-5232	-6496	12656	-2652	662	788
a/g:	-5236	-6836	12736	-4172	849	1253
a/g:	-5888	-7136	12788	-5153	382	1088
a/g:	-5664	-7360	12636	-4306	250	1597
a/g:	-5392	-7500	12796	-4278	889	1566
a/g:	-5496	-7172	11640	-4527	367	1093
a/g:	-5196	-7988	12456	-4118	276	1017
a/g:	-5708	-8336	12576	-4161	791	1170
a/g:	-5644	-8208	12144	-3826	615	1342
a/g:	-5148	-8024	11448	-4180	1644	1340
a/g:	-5848	-8276	11476	-5126	932	1157
a/g:	-5584	-8608	11972	-3909	366	840
a/g:	-5720	-8772	11792	-2206	965	385
a/g:	-6276	-8672	11256	-2183	677	439
a/g:	-6296	-8920	11436	-2745	863	648
a/g:	-5560	-8852	11420	-2677	1236	569
a/g:	-6012	-9080	11400	-2062	1462	418
a/g:	-6228	-9008	10820	-2463	428	460
a/g:	-6452	-8892	10608	-2593	414	379
a/g:	-6688	-9496	11224	-2010	77	307
a/g:	-5928	-9260	10580	-2273	-79	39
a/g:	-6340	-9444	10812	-2382	61	149
a/g:	-5848	-9512	10828	-1769	321	51
a/g:	-6580	-9540	10408	-1486	130	1
a/g:	-6408	-9520	10176	-1956	69	-29
a/g:	-6368	-10092	10736	-1640	132	103
a/g:	-6360	-9584	10516	-746	413	166
a/g:	-6296	-9496	10096	-838	53	-225
a/g:	-6472	-9628	10104	-956	102	-173
a/g:	-6504	-10128	10672	-343	146	-285
a/g:	-6392	-9772	10500	60	-80	-240
a/g:	-6448	-9968	10696	264	100	-182
a/g:	-6256	-9652	10372	651	-8	-262
a/g:	-6144	-9552	10436	1050	36	-418
a/g:	-5740	-9736	11096	2861	-358	-1311
a/g:	-6176	-8904	9544	2442	137	-1503
a/g:	-6504	-9784	11176	2855	-581	-1161
a/g:	-6492	-9556	11056	2980	-62	-1153
a/g:	-5912	-9488	11804	4586	-718	-1356
a/g:	-5532	-8592	10664	5544	-1150	-1858
a/g:	-5460	-8556	11016	3897	-589	-1821
a/g:	-6140	-9012	11588	2649	-645	-1565
a/g:	-6080	-9208	12812	4950	-1025	-1706
a/g:	-5996	-8520	12616	5486	-1034	-1499
a/g:	-4732	-8104	11944	7374	-1512	-1567
a/g:	-5044	-7980	12100	4983	48	-1527
a/g:	-5680	-7888	12580	3672	-30	-1101
a/g:	-5464	-7704	12924	3768	-358	-1155
a/g:	-5144	-7060	12132	2471	-546	-844
a/g:	-5000	-7132	12472	1735	-173	-664
a/g:	-5028	-7124	12872	1470	-150	-739
a/g:	-5112	-7152	13028	2372	-53	-1026
a/g:	-5200	-6928	12764	1416	-278	-797
a/g:	-4884	-6956	13028	440	247	-488
a/g:	-5148	-7068	13524	114	383	-321
a/g:	-5024	-6760	12832	26	150	-365
a/g:	-4900	-6896	13016	119	236	-379
a/g:	-5004	-6744	12852	-189	642	-337
a/g:	-5028	-6676	13044	-94	552	-226
a/g:	-5028	-6928	13280	90	701	-554
a/g:	-5416	-6908	13212	-79	316	-289
a/g:	-5236	-6944	13332	125	184	-374
a/g:	-5216	-6920	13180	299	-56	-267
a/g:	-4908	-6660	12668	105	109	-306
a/g:	-5056	-6760	12992	8	169	-296
a/g:	-4980	-6924	13224	-314	46	-371
a/g:	-5176	-6892	13016	169	88	-458
a/g:	-5252	-6860	13132	127	147	-394
a/g:	-4964	-6676	12504	-6	-246	-238
a/g:	-4768	-6784	13140	0	221	-256
a/g:	-5008	-6968	13284	-129	40	-385
a/g:	-5220	-6956	13180	147	144	-284
a/g:	-4928	-6664	12920	-121	270	-89
a/g:	-4728	-6604	12896	-122	265	-304
a/g:	-5304	-6968	13244	-215	315	-382
a/g:	-4936	-6840	12996	-113	195	-155
a/g:	-4724	-6568	12812	-346	530	-146
a/g:	-5068	-6800	13252	-233	342	-368
a/g:	-5220	-6768	12720	-409	253	-248
a/g:	-5080	-6896	13316	-118	122	-245
a/g:	-4984	-6920	13076	-9	148	-234
a/g:	-4892	-6684	12780	-102	170	-299
a/g:	-5000	-6688	12836	-448	303	-230
a/g:	-4888	-6868	12996	-421	142	-325
a/g:	-5360	-7136	13580	-77	126	-351
a/g:	-5280	-6912	13320	189	13	-191
a/g:	-4844	-6584	12568	-185	160	-215
a/g:	-4856	-6732	13016	-305	226	-398
a/g:	-5376	-7148	13372	161	159	-333
a/g:	-4952	-6948	12972	-12	112	-93
a/g:	-4824	-6500	12584	-125	206	-262
a/g:	-4956	-6928	13132	-301	296	-376
a/g:	-5084	-6932	13132	-108	166	-245
a/g:	-5044	-6944	13108	-201	232	-232
a/g:	-4936	-6888	13128	-128	155	-270
a/g:	-5024	-6740	12844	-138	175	-286
a/g:	-4972	-6720	12908	-446	291	-245
a/g:	-5076	-7080	13252	-358	12	-401
a/g:	-5400	-6980	13216	-464	41	-152
a/g:	-5064	-6688	12608	-2463	603	462
a/g:	-5256	-7252	11876	-3864	1219	571
a/g:	-5700	-7752	13816	-3554	1711	703
a/g:	-5372	-7780	13368	-3920	1511	1280
a/g:	-5896	-7616	12480	-3723	1615	1492
a/g:	-5768	-7700	12276	-4180	1314	1602
a/g:	-5568	-7652	11876	-3103	487	1365
a/g:	-5476	-7932	11984	-4051	823	1361
a/g:	-5544	-8116	12104	-3611	720	1075
a/g:	-5864	-8584	11852	-4016	519	1058
a/g:	-6108	-8884	12060	-5212	675	1532
a/g:	-6264	-8768	11564	-6822	660	1896
a/g:	-5468	-8600	11276	-5806	396	1574
a/g:	-5996	-8908	10772	-6137	-24	1358
a/g:	-5672	-9524	11312	-4437	509	814
a/g:	-6260	-9616	11116	-3317	137	551
a/g:	-6260	-9728	10924	-2574	326	509
a/g:	-5828	-9756	10844	-2189	153	318
a/g:	-6588	-9896	10732	-2338	-349	219
a/g:	-5932	-9832	10560	-2364	371	178
a/g:	-6528	-9888	10048	-4001	407	360
a/g:	-6384	-10508	10744	-2140	168	341
a/g:	-6232	-10108	10164	-618	408	169
a/g:	-6320	-10076	9896	-1007	158	-108
a/g:	-6456	-10340	10008	-1786	139	-26
a/g:	-6348	-10360	10552	-701	233	-58
a/g:	-6340	-9888	9540	-119	226	-176
a/g:	-6220	-10148	9668	-608	-110	-481
a/g:	-6544	-10536	10344	-258	184	-385
a/g:	-6396	-10572	9944	75	398	-129
a/g:	-6156	-10132	9972	225	247	-204
a/g:	-6280	-10360	10168	523	78	-246
a/g:	-6472	-10168	9856	720	80	-304
a/g:	-6248	-10212	9952	565	9	-443
a/g:	-6108	-10028	9988	835	116	-521
a/g:	-6324	-10056	10340	1436	-37	-623
a/g:	-6236	-9696	10144	3476	-89	-1225
a/g:	-5644	-9612	9800	2570	214	-1384
a/g:	-5904	-9720	10372	3126	-218	-1705
a/g:	-6248	-10076	11628	5301	-828	-2066
a/g:	-5460	-9404	11144	9151	-925	-2596
a/g:	-5924	-8856	10392	6833	-807	-2573
a/g:	-5724	-9076	11352	4903	-937	-2209
a/g:	-5500	-8912	11760	5109	-766	-2001
a/g:	-5952	-8752	11792	2216	-99	-1261
a/g:	-5392	-8856	12216	1970	17	-842
a/g:	-5684	-8476	12564	3191	-226	-1186
a/g:	-5256	-7732	11412	3392	-615	-1343
a/g:	-5420	-8272	12376	3015	-112	-1210
a/g:	-5468	-7956	12344	3228	-45	-1021
a/g:	-5600	-7916	12612	2892	-470	-789
a/g:	-4804	-7752	12644	3505	-294	-785
a/g:	-4988	-7476	12364	2993	135	-845
a/g:	-5316	-7268	12604	2352	290	-748
a/g:	-5336	-7472	12892	2485	62	-640
a/g:	-5280	-7012	12776	3544	-237	-754
a/g:	-5048	-6848	12488	3107	-207	-651
a/g:	-4744	-7084	13516	2308	-84	-734
a/g:	-5400	-6668	13080	1769	181	-664
a/g:	-5012	-6568	13088	833	78	-325
a/g:	-5060	-6612	13096	587	362	-375
a/g:	-5152	-6604	12980	398	176	-305
a/g:	-4864	-6616	13408	621	415	-246
a/g:	-5016	-6384	13024	193	510	-308
a/g:	-5084	-6424	13092	-29	433	-389
a/g:	-4896	-6252	12672	-473	441	-377
a/g:	-4976	-6484	13368	-573	673	-305
a/g:	-5316	-6596	13504	-412	538	-273
a/g:	-5440	-6656	13328	-147	289	-159
a/g:	-4912	-6272	12756	-123	113	-285
a/g:	-5088	-6572	13284	-279	203	-332
a/g:	-5264	-6672	13060	-433	308	-216
a/g:	-5220	-6596	12572	-2306	367	105
a/g:	-5044	-6736	13464	-1061	216	-181
a/g:	-5208	-6712	12852	-822	-80	-271
a/g:	-5052	-7020	13376	-961	146	-207
a/g:	-5060	-7028	13208	-1408	304	78
a/g:	-5224	-7112	12828	-2094	520	236
a/g:	-5160	-7036	12568	-3906	618	477
a/g:	-5476	-7200	13068	-2936	563	476
a/g:	-5272	-7632	13424	-1877	594	529
a/g:	-6036	-7692	12660	-3181	924	1016
a/g:	-6008	-7884	12632	-5572	1246	2196
a/g:	-5352	-8012	12696	-5401	903	2064
a/g:	-4932	-7676	11804	-5294	857	1628
a/g:	-5056	-7664	11704	-3824	885	1284
a/g:	-5724	-8088	11476	-3986	944	1026
a/g:	-6124	-8732	11936	-4730	496	1091
a/g:	-5884	-9164	12200	-4460	655	1358
a/g:	-5488	-8712	11280	-4268	739	1098
a/g:	-5368	-8580	10880	-4121	998	756
a/g:	-6016	-8932	10924	-4234	704	380
a/g:	-6228	-9480	11268	-3232	773	368
a/g:	-6480	-9588	10996	-3166	617	360
a/g:	-6296	-9468	10708	-3336	452	491
a/g:	-6176	-9316	10488	-3083	355	573
a/g:	-6352	-9608	10452	-2351	-244	373
a/g:	-6060	-9936	10576	-2447	683	160
a/g:	-6344	-9920	10336	-2361	176	323
a/g:	-6176	-10012	10368	-2057	164	45
a/g:	-6028	-9856	10512	-926	523	11
a/g:	-6156	-9684	9912	-513	365	-260
a/g:	-6208	-9964	10088	-872	70	-353
a/g:	-6456	-10336	10224	-1084	325	-154
a/g:	-6432	-10392	10616	-393	221	-117
a/g:	-6248	-9896	10012	-168	127	-244
a/g:	-6308	-9992	10056	-238	246	-214
a/g:	-6408	-10476	10280	-17	216	-218
a/g:	-6496	-10256	10192	361	303	-141
a/g:	-6336	-10080	10372	674	8	-266
a/g:	-6064	-9848	10272	960	297	-257
a/g:	-5948	-9700	10236	2152	66	-886
a/g:	-6252	-9604	9972	2466	-934	-1438
a/g:	-6152	-9712	10616	2911	88	-1457
a/g:	-6440	-10176	11384	4602	-684	-1623
a/g:	-5736	-9356	10612	6049	-743	-1904
a/g:	-5544	-9116	10600	5858	-1143	-2062
a/g:	-5628	-8688	10808	3628	-175	-1854
a/g:	-6532	-9340	12056	4118	-922	-1584
a/g:	-4736	-8876	11836	5720	-1474	-1666
a/g:	-5540	-9044	11848	4248	313	-1742
a/g:	-6064	-8504	11660	1936	10	-936
a/g:	-5720	-8460	12420	1772	-291	-822
a/g:	-5152	-7724	11552	2269	-519	-968
a/g:	-5064	-8004	12120	2098	-176	-1298
a/g:	-5504	-8064	12228	2149	-108	-1256
a/g:	-5388	-8360	12904	2310	-333	-1186
a/g:	-5392	-7940	12460	2929	-111	-1061
a/g:	-5092	-7780	12764	2653	-337	-980
a/g:	-5132	-7396	12188	1556	-1	-719
a/g:	-4888	-7716	12904	1546	-166	-925
a/g:	-5380	-7588	12612	1316	203	-744
a/g:	-5376	-7576	12908	1994	77	-665
a/g:	-5352	-7428	12828	1836	-154	-582
a/g:	-4820	-7032	12420	923	-533	-342
a/g:	-4952	-7064	12408	959	-413	-561
a/g:	-4820	-7416	13500	1043	-7	-552
a/g:	-5104	-7280	13104	610	323	-417
a/g:	-4780	-6944	12676	748	-34	-353
a/g:	-4984	-7004	12948	928	167	-477
a/g:	-4980	-7044	13164	329	171	-405
a/g:	-4880	-7100	13128	423	264	-330
a/g:	-5008	-6776	12856	197	216	-282
a/g:	-4780	-6860	12840	-19	129	-200
a/g:	-4896	-7060	13224	-66	292	-287
a/g:	-4896	-6976	13108	144	581	-171
a/g:	-4796	-6932	12964	152	681	-201
a/g:	-5156	-6848	13020	-472	761	-156
a/g:	-4964	-7004	12968	-575	546	-40
a/g:	-4844	-6932	12496	-2223	1103	223
a/g:	-5048	-7508	13620	-3089	1340	207
a/g:	-5640	-6948	12512	-2318	1342	116
a/g:	-5372	-7080	11980	-2968	485	390
a/g:	-5508	-8028	13232	-3154	747	539
a/g:	-5852	-7660	12556	-3203	566	713
a/g:	-5488	-8128	12912	-3523	905	1015
a/g:	-5444	-7968	12408	-3579	1327	1148
a/g:	-5756	-8000	12036	-4203	1206	1320
a/g:	-5672	-8120	12096	-4633	613	1344
a/g:	-5648	-8480	11964	-4122	311	1152
a/g:	-5548	-8760	12220	-3603	754	1148
a/g:	-5840	-8808	11992	-2486	703	1104
a/g:	-5416	-8500	11380	-3268	632	1036
a/g:	-5516	-8492	11208	-3193	992	763
a/g:	-5964	-8848	10988	-3046	857	458
a/g:	-6380	-9220	11212	-4147	394	610
a/g:	-5968	-9696	11720	-2518	335	457
a/g:	-5996	-9356	10988	-1695	398	219
a/g:	-6096	-8976	10396	-1815	-192	87
a/g:	-6596	-9740	11308	-2517	381	365
a/g:	-6008	-9632	10984	-1905	514	314
a/g:	-6400	-9472	10504	-1962	280	280
a/g:	-6212	-9688	10416	-3031	116	243
a/g:	-6188	-9784	10660	-2428	488	256
a/g:	-6428	-10168	10788	-1680	297	-11
a/g:	-6332	-10048	10536	-1482	113	-44
a/g:	-6376	-10112	10428	-1983	145	-68
a/g:	-6212	-10200	10372	-895	469	-21
a/g:	-6344	-10032	9980	-444	161	-194
a/g:	-6304	-9772	9780	-995	245	-183
a/g:	-6312	-10176	10296	-693	378	-156
a/g:	-6540	-10456	10396	27	340	-90
a/g:	-6376	-10100	9960	-113	190	-89
a/g:	-6228	-10084	10080	-185	241	-275
a/g:	-6420	-10048	10016	-191	257	-300
a/g:	-6592	-10284	10240	52	263	-240
a/g:	-6404	-10452	10472	526	73	-161
a/g:	-6092	-10000	10064	608	-22	-233
a/g:	-5964	-9772	10032	745	470	-246
a/g:	-6132	-9724	10200	741	102	-755
a/g:	-6560	-9868	9944	1212	-602	-1255
a/g:	-6236	-10264	10452	1376	-774	-910
a/g:	-5792	-10052	10788	1577	243	-738
a/g:	-5896	-10144	11444	2655	-293	-1053
a/g:	-5888	-9304	10472	5076	-503	-1650
a/g:	-6228	-9336	11740	7242	-998	-2329
a/g:	-5460	-8636	10048	6906	-1468	-2567
a/g:	-5924	-9460	11680	4236	-699	-1939
a/g:	-5924	-9752	12364	3003	-463	-1330
a/g:	-5656	-9060	12208	4279	-520	-1073
a/g:	-5020	-8280	11328	3364	-452	-960
a/g:	-5188	-8144	11600	3180	-731	-1163
a/g:	-5056	-7928	11580	2810	-80	-1388
a/g:	-5468	-8328	12344	1720	-316	-1181
a/g:	-5116	-8604	13332	2418	-489	-1197
a/g:	-5304	-7868	12272	3584	-251	-1141
a/g:	-4820	-7756	12276	2812	-443	-1037
a/g:	-4980	-7744	12912	2114	-25	-1222
a/g:	-5648	-7796	12748	1654	536	-760
a/g:	-5400	-7716	12808	2724	-105	-775
a/g:	-4676	-7300	12300	1563	-220	-720
a/g:	-5044	-7256	12616	813	196	-596
a/g:	-4900	-7532	13408	878	360	-483
a/g:	-5104	-7328	12764	1446	195	-660
a/g:	-5048	-6980	12508	1922	-33	-476
a/g:	-4788	-6888	12812	1098	142	-500
a/g:	-4672	-7052	12804	952	80	-725
a/g:	-5056	-7148	13372	458	515	-558
a/g:	-5136	-6992	13104	126	394	-216
a/g:	-4880	-6896	12912	-69	462	-188
a/g:	-4908	-6944	13012	-176	432	-323
a/g:	-4988	-6708	12856	-369	277	-214
a/g:	-4752	-6832	12852	-460	416	-211
a/g:	-4868	-7164	13340	-401	622	-442
a/g:	-4972	-6596	12416	-373	547	-365
a/g:	-5308	-7204	13108	-251	425	-214
a/g:	-4796	-6928	12728	-281	460	-207
a/g:	-5132	-7352	13492	-262	632	-188
a/g:	-4976	-7120	13016	-191	771	-243
a/g:	-5204	-7004	12564	-864	880	-129
a/g:	-5432	-7188	12892	-1056	939	-54
a/g:	-5452	-7232	12568	-687	546	-7
a/g:	-5192	-7424	13008	-889	428	-7
a/g:	-5568	-7652	12952	-2244	1021	627
a/g:	-5140	-7576	13200	-2507	1331	799
a/g:	-5516	-7512	12788	-2466	1942	768
a/g:	-5856	-7680	12284	-3040	981	1308
a/g:	-5460	-7880	12656	-3750	1253	1478
a/g:	-5864	-8072	12392	-3293	1430	1542
a/g:	-5808	-8176	12108	-4019	1713	1707
a/g:	-5900	-8060	12252	-3758	1104	1460
a/g:	-5600	-7852	11028	-4215	1212	1155
a/g:	-6312	-7876	10628	-6195	1172	1357
a/g:	-6180	-9220	12536	-4918	323	1024
a/g:	-5992	-8560	10960	-3650	786	647
a/g:	-6308	-8584	10892	-3534	855	379
a/g:	-6456	-9048	10812	-3814	209	348
a/g:	-6568	-9420	11104	-3459	390	333
a/g:	-6568	-9424	10752	-2973	398	363
a/g:	-6360	-9140	10288	-3413	155	386
a/g:	-6408	-9792	11096	-2993	167	342
a/g:	-6760	-9860	10680	-2050	-360	147
a/g:	-6288	-10012	10696	-2381	745	384
a/g:	-6496	-9928	10488	-2044	149	359
a/g:	-6320	-9420	10016	-1001	161	-48
a/g:	-6476	-9504	9840	-2130	119	-136
a/g:	-6648	-10124	10408	-1514	264	-64
a/g:	-6728	-10156	10404	-291	202	-236
a/g:	-6412	-9716	9940	-594	-43	-437
a/g:	-6560	-10144	10052	-668	159	-322
a/g:	-6728	-10348	10392	-388	298	-295
a/g:	-6624	-10008	9956	-227	226	-209
a/g:	-6480	-9836	10072	3	105	-178
a/g:	-6276	-10104	10228	110	233	-151
a/g:	-6440	-10120	10124	395	200	-251
a/g:	-6552	-9936	10096	808	-98	-485
a/g:	-6164	-9608	10000	1148	-9	-634
a/g:	-6420	-9900	10456	1927	-42	-735
a/g:	-5932	-9616	10200	2047	-205	-1152
a/g:	-6308	-9704	10296	1742	-146	-1245
a/g:	-6168	-10244	10972	982	616	-963
a/g:	-6232	-10372	11260	2064	-437	-1106
a/g:	-6500	-9392	10576	2887	-306	-1150
a/g:	-5812	-9088	10328	3339	-1054	-1517
a/g:	-5740	-9532	11180	2406	-393	-1551
a/g:	-5956	-9680	11820	4862	-581	-2062
a/g:	-6304	-9216	10896	5260	-608	-2110
a/g:	-5660	-8632	10696	3416	-659	-1757
a/g:	-6048	-9220	11948	1926	89	-1288
a/g:	-6312	-9400	12952	3446	-531	-1451
a/g:	-5560	-8440	11132	4362	-672	-1048
a/g:	-5240	-8356	11624	2212	-86	-960
a/g:	-5624	-8332	12144	1306	-194	-992
a/g:	-5608	-8476	12228	1190	-139	-781
a/g:	-5504	-8148	11720	1150	-220	-542
a/g:	-5228	-8356	12428	397	-57	-558
a/g:	-5432	-8272	12108	1093	97	-641
a/g:	-5388	-8312	12124	831	119	-436
a/g:	-5312	-8192	12296	864	170	-364
a/g:	-5296	-8000	12096	739	-11	-399
a/g:	-5176	-7916	12148	484	141	-326
a/g:	-5212	-7940	12128	113	285	-362
a/g:	-5524	-8260	12620	382	131	-395
a/g:	-5252	-8020	12152	453	165	-224
a/g:	-5060	-7744	12336	510	38	-342
a/g:	-5584	-8020	12368	633	176	-534
a/g:	-5244	-7936	12556	1252	57	-481
a/g:	-5216	-7712	11980	937	272	-337
a/g:	-5136	-7704	12604	493	-31	-373
a/g:	-5324	-7712	12524	384	26	-315
a/g:	-5120	-7700	12408	291	159	-334
a/g:	-5252	-7752	12640	582	-13	-430
a/g:	-5252	-7724	12556	598	1	-429
a/g:	-5276	-7728	12656	579	129	-379
a/g:	-5164	-7788	12680	41	134	-216
a/g:	-5244	-7680	12516	142	308	-198
a/g:	-5000	-7472	12308	-122	383	-136
a/g:	-5196	-7632	12412	-212	440	-281
a/g:	-5564	-7852	12716	50	65	-314
a/g:	-5072	-7576	12524	74	155	-176
a/g:	-5052	-7408	12284	-55	176	-295
a/g:	-5304	-7728	12764	-200	401	-361
a/g:	-5340	-7744	12560	43	160	-169
a/g:	-5100	-7592	12732	-27	360	-162
a/g:	-5016	-7428	12168	-214	249	-244
a/g:	-5416	-7724	12856	-139	261	-314
a/g:	-5132	-7476	12360	134	223	-289
a/g:	-5256	-7572	12524	49	301	-313
a/g:	-5128	-7696	12884	-75	165	-275
a/g:	-5280	-7392	12348	-134	223	-260
a/g:	-5212	-7596	12552	-155	146	-262
a/g:	-5276	-7560	12508	-249	172	-171
a/g:	-5344	-7504	12288	-757	278	-3
a/g:	-5332	-7748	12500	-838	445	-17
a/g:	-5392	-7748	12604	-672	637	278
a/g:	-5200	-7684	12440	-1885	735	436
a/g:	-5692	-7756	12056	-1779	1133	509
a/g:	-5832	-8180	12844	-2409	1001	1050
a/g:	-6164	-8276	12296	-3785	1380	1558
a/g:	-5384	-8160	12128	-3974	1152	1822
a/g:	-5592	-8480	12256	-4239	1547	1719
a/g:	-5744	-8168	11540	-3830	1451	1745
a/g:	-6072	-8412	11212	-4852	1070	1682
a/g:	-6472	-9044	11800	-5564	1902	2150
a/g:	-6300	-9112	11576	-3670	698	1667
a/g:	-6048	-8768	10680	-4133	664	1444
a/g:	-5936	-8812	10636	-4960	709	1197
a/g:	-6396	-9476	11124	-3895	303	904
a/g:	-6632	-9512	10800	-3075	435	722
a/g:	-6580	-9748	10512	-3913	981	965
a/g:	-6496	-9996	10880	-3885	536	1142
a/g:	-6396	-9416	9916	-2751	1228	693
a/g:	-7016	-9588	9968	-2650	81	510
a/g:	-6628	-9740	9880	-2380	197	304
a/g:	-6860	-10440	10492	-1948	236	263
a/g:	-6820	-10136	10024	-1782	373	391
a/g:	-6752	-9856	9656	-1507	333	224
a/g:	-6612	-10044	9700	-1709	352	153
a/g:	-6792	-10088	9792	-1208	60	-65
a/g:	-6824	-9800	9408	-681	133	-290
a/g:	-6848	-10364	9716	-470	203	-340
a/g:	-6740	-10360	9932	-454	-55	-506
a/g:	-6976	-10368	9776	-137	131	-388
a/g:	-6980	-10256	9756	-50	203	-164
a/g:	-6892	-10132	9600	58	20	-291
a/g:	-6916	-10312	9632	18	62	-338
a/g:	-6936	-10192	9912	167	124	-200
a/g:	-6756	-10324	9984	942	-186	-469
a/g:	-6752	-9900	9912	1671	-414	-902
a/g:	-6548	-9676	9752	1922	-448	-1077
a/g:	-6128	-9908	9700	1177	707	-1138
a/g:	-6692	-10664	10400	1587	24	-985
a/g:	-6924	-10368	10472	2927	-34	-1054
a/g:	-6568	-9564	10220	4508	-525	-1247
a/g:	-5908	-9308	9920	4245	-396	-1427
a/g:	-6516	-9600	10472	2830	95	-1597
a/g:	-6780	-9828	11040	2572	-388	-1437
a/g:	-6300	-9560	11040	4867	-224	-1500
a/g:	-5860	-8816	10388	3296	-351	-1430
a/g:	-5844	-8732	11040	3858	-400	-1600
a/g:	-6104	-9064	11572	3539	-270	-1656
a/g:	-6020	-8744	11272	4175	-590	-1568
a/g:	-5856	-8900	11732	3880	-138	-1430
a/g:	-6092	-8540	11476	2845	474	-1018
a/g:	-6284	-8672	12092	1612	-46	-843
a/g:	-6048	-8492	12308	2985	-99	-874
a/g:	-5528	-8124	12012	3074	451	-767
a/g:	-5504	-7984	11864	2693	324	-922
a/g:	-5968	-7988	12304	2393	-321	-1022
a/g:	-5840	-8076	12588	2506	-167	-804
a/g:	-5936	-7644	11960	1701	175	-546
a/g:	-5380	-7644	12456	1346	-178	-450
a/g:	-5228	-7504	12428	1840	-29	-824
a/g:	-5864	-7488	12436	2372	311	-912
a/g:	-5956	-7264	12096	975	207	-133
a/g:	-5676	-7560	12816	461	436	-129
a/g:	-5592	-7264	12720	745	84	-376
a/g:	-5344	-7056	12292	317	39	-408
a/g:	-5504	-7288	12716	211	350	-495
a/g:	-5540	-7236	12692	71	279	-579
a/g:	-5568	-7332	12612	-260	632	-448
a/g:	-5540	-7496	12980	-397	780	-391
a/g:	-5936	-7456	12452	-1110	1017	-232
a/g:	-5744	-7324	12624	-738	500	-28
a/g:	-5552	-7156	12224	-895	315	-115
a/g:	-5440	-7360	12396	-1424	948	-314
a/g:	-6088	-7916	12988	-970	814	-228
a/g:	-5852	-7268	12060	-625	771	-278
a/g:	-5612	-7364	12272	-386	302	-243
a/g:	-5888	-7728	12560	-189	306	-315
a/g:	-5828	-7696	12432	-289	129	-110
a/g:	-5700	-7452	12220	-365	245	-100
a/g:	-5604	-7528	12544	-425	202	-144
a/g:	-6080	-7552	12324	-418	184	-243
a/g:	-5912	-7500	12264	-98	307	-116
a/g:	-5520	-7732	12680	-245	254	-138
a/g:	-5864	-7488	12124	-416	34	-185
a/g:	-5956	-7744	12424	-227	419	-199
a/g:	-5684	-7740	12404	-43	192	-206
a/g:	-5832	-7544	12256	-212	281	-43
a/g:	-5760	-7476	12124	-163	203	-212
a/g:	-5756	-7784	12336	-335	123	-305
a/g:	-6120	-7744	12372	-183	320	-198
a/g:	-5728	-7580	12244	-215	157	-165
a/g:	-5740	-7808	12440	-295	161	-217
a/g:	-5896	-7616	12300	-153	191	-170
a/g:	-5912	-7688	12332	-32	465	-235
a/g:	-5820	-7344	11732	-122	150	-185
a/g:	-5776	-7828	12540	-168	190	-350
a/g:	-5876	-7572	12176	-182	19	-251
a/g:	-5604	-7844	12492	-178	455	-150
a/g:	-6032	-7748	12480	-75	204	-213
a/g:	-5812	-7352	11796	-149	295	-234
a/g:	-5648	-7660	12368	-171	47	-286
a/g:	-5864	-7772	12360	-159	132	-193
a/g:	-5880	-7776	12276	-62	270	-182
a/g:	-5600	-7644	12116	-35	253	-220
a/g:	-5808	-7676	12272	-174	193	-327
a/g:	-6064	-7612	12264	-159	189	-224
a/g:	-5780	-7668	12220	-156	170	-216
a/g:	-5848	-7708	12360	-79	301	-240
a/g:	-5892	-7644	12276	-10	94	-279
a/g:	-5760	-7568	12256	-151	181	-244
a/g:	-5820	-7652	12272	-208	172	-317
a/g:	-5884	-7664	12348	-74	76	-246
a/g:	-5776	-7680	12208	-161	244	-154
a/g:	-5628	-7596	12176	-151	307	-218
a/g:	-5980	-7696	12288	-63	158	-148
a/g:	-5788	-7504	12076	-252	245	-171
a/g:	-5784	-7616	12188	-472	118	-225
a/g:	-5924	-8080	12784	-254	114	-196
a/g:	-5724	-7760	12432	-252	128	-45
a/g:	-5636	-7344	11844	-124	302	-219
a/g:	-5676	-7540	12064	-396	385	-263
a/g:	-6120	-8012	12748	-6	234	-199
a/g:	-5764	-7776	12388	-55	324	-49
a/g:	-5820	-7548	12084	-138	382	-234
a/g:	-5900	-7752	12212	-149	279	-247
a/g:	-5996	-7808	12360	-144	64	-306
a/g:	-5708	-7600	12060	-252	265	-186
a/g:	-5744	-7752	12232	-261	126	-231
a/g:	-6020	-7740	12340	-197	118	-344
a/g:	-5776	-7736	12372	-133	104	-243
a/g:	-5848	-7664	12268	-213	200	-225
a/g:	-5788	-7868	12304	-230	-34	-288
a/g:	-5884	-7780	12300	-209	249	-219
a/g:	-5908	-7832	12364	-207	228	-157
a/g:	-5844	-7708	12284	-106	232	-170
a/g:	-5852	-7760	12324	-250	192	-190
a/g:	-5904	-7844	12356	-102	233	-330
a/g:	-6236	-7648	12156	92	476	-160
a/g:	-5844	-7920	12316	-390	-107	-113
a/g:	-5924	-7676	11900	-196	390	-203
a/g:	-5688	-7716	12332	-376	330	-53
a/g:	-6176	-7560	11924	-533	208	-154
a/g:	-5976	-8004	12396	-102	313	-110
a/g:	-6180	-8032	12412	-173	-1	-49
a/g:	-6024	-7880	12256	-214	119	26
a/g:	-5680	-7860	12076	-166	348	-69
a/g:	-5880	-7812	11856	-85	296	-206
a/g:	-5800	-8072	12356	130	57	-569
a/g:	-5748	-7808	12172	178	-53	-322
a/g:	-6012	-7560	12052	176	-126	-351
a/g:	-5696	-7344	11788	-9	-279	-291
a/g:	-5508	-7980	12588	48	-41	-388
a/g:	-6208	-8244	12920	316	-219	-516
a/g:	-5904	-7272	11840	470	-440	-332
a/g:	-5200	-7388	11924	203	-192	-369
a/g:	-5144	-7400	11984	-157	746	-44
a/g:	-6020	-8508	13600	97	420	-494
a/g:	-6400	-7748	12100	788	-404	-558
a/g:	-5908	-7360	11920	318	-308	30
a/g:	-4996	-7428	12160	136	-297	-28
a/g:	-5632	-7684	12648	437	-397	-608
a/g:	-5452	-7596	12404	384	-243	-486
a/g:	-5140	-7384	11912	54	336	-265
a/g:	-5828	-7692	12768	237	158	-631
a/g:	-5768	-7356	12140	240	-118	-485
a/g:	-5040	-7452	12044	-77	455	-313
a/g:	-5708	-7804	12952	-72	248	-705
a/g:	-5976	-7784	12516	228	43	-555
a/g:	-6048	-7608	12620	288	-353	-230
a/g:	-5516	-7000	12004	-195	49	-59
a/g:	-5408	-7612	12616	-510	-16	28
a/g:	-5252	-7388	12516	-507	354	32
a/g:	-5612	-7392	12384	-367	463	49
a/g:	-6016	-7664	12552	-185	357	12
a/g:	-5888	-7448	12232	-348	-90	56
a/g:	-5364	-7880	12720	-130	-19	75
a/g:	-5348	-7620	12520	-234	126	55
a/g:	-5496	-7572	12364	-200	361	-295
a/g:	-5676	-7788	12748	-180	160	-178
a/g:	-5916	-7668	12660	-67	215	-250
a/g:	-5536	-7492	12296	-293	47	-229
a/g:	-5392	-7688	12560	-165	27	-291
a/g:	-5388	-7656	12576	34	91	-405
a/g:	-5504	-7644	12408	9	196	-406
a/g:	-5532	-7700	12616	157	94	-436
a/g:	-5620	-7436	12360	55	186	-391
a/g:	-5456	-7604	12432	133	170	-338
a/g:	-5624	-7656	12464	72	294	-357
a/g:	-5576	-7460	12368	-96	106	-339
a/g:	-5604	-7616	12624	-65	229	-342
a/g:	-5404	-7504	12416	-27	179	-266
a/g:	-5468	-7324	12292	-100	314	-270
a/g:	-5664	-7412	12216	-313	430	-276
a/g:	-5612	-7476	12652	-289	351	-280
a/g:	-5588	-7560	12428	-283	259	-193
a/g:	-5528	-7808	12636	-111	157	-207
a/g:	-5300	-7728	12816	-105	155	-205
a/g:	-5656	-7512	12356	-171	313	-273
a/g:	-5544	-7648	12368	-137	164	-216
a/g:	-5672	-7728	12632	-109	212	-225
a/g:	-5556	-7420	12192	-84	281	-240
a/g:	-5508	-7464	12224	-298	158	-224
a/g:	-5656	-7680	12592	-81	204	-225
a/g:	-5460	-7588	12500	-101	199	-176
a/g:	-5552	-7548	12480	-155	271	-225
a/g:	-5352	-7660	12508	-120	144	-251
a/g:	-5608	-7684	12440	-203	279	-187
a/g:	-5616	-7608	12364	-161	259	-205
a/g:	-5528	-7568	12176	-185	204	-170
a/g:	-5428	-7592	12392	-170	240	-188
a/g:	-5548	-7752	12548	-172	356	-176
a/g:	-5736	-7716	12632	-41	288	-243
a/g:	-5868	-7320	12072	-128	161	-220
a/g:	-5424	-7568	12524	-268	83	-284
a/g:	-5444	-7648	12584	-125	157	-284
a/g:	-5696	-7652	12480	-110	255	-318
a/g:	-5868	-7732	12536	-78	139	-272
a/g:	-5720	-7508	12208	-49	139	-265
a/g:	-5436	-7600	12444	-89	87	-289
a/g:	-5644	-7756	12596	-107	121	-323
a/g:	-5672	-7432	12352	-35	71	-297
a/g:	-5316	-7504	12256	-91	93	-257
a/g:	-5604	-7784	12460	-217	172	-294
a/g:	-5516	-7728	12664	-4	132	-270
a/g:	-5468	-7528	12404	49	107	-262
a/g:	-5440	-7456	12544	-47	107	-256
a/g:	-5408	-7620	12412	-84	202	-331
a/g:	-5644	-7584	12652	-9	351	-326
a/g:	-5716	-7368	12156	-74	174	-262
a/g:	-5368	-7544	12392	-185	93	-206
a/g:	-5476	-7744	12584	0	262	-274
a/g:	-5576	-7512	12352	-50	194	-238
a/g:	-5668	-7644	12408	-60	233	-238
a/g:	-5564	-7644	12360	-114	191	-283
a/g:	-5516	-7612	12584	-57	204	-263
a/g:	-5632	-7608	12524	-111	280	-270
a/g:	-5600	-7420	12192	-122	195	-272
a/g:	-5304	-7456	12300	-276	237	-209
a/g:	-5512	-7796	12672	-173	273	-272
a/g:	-5700	-7832	12652	1	169	-266
a/g:	-5488	-7364	12220	-126	111	-263
a/g:	-5388	-7496	12532	-198	353	-286
a/g:	-5744	-7624	12268	-175	182	-287
a/g:	-5532	-7520	12368	-213	159	-252
a/g:	-5276	-7680	12608	64	157	-247
a/g:	-5520	-7444	12220	24	113	-309
a/g:	-5536	-7556	12524	-75	234	-310
a/g:	-5596	-7764	12748	-183	216	-318
a/g:	-5508	-7604	12452	-1	113	-253
a/g:	-5472	-7448	12220	-113	300	-222
