a/g:	-4776	-12048	10504	-285	1859	383
a/g:	-4508	-11560	9816	-101	1744	478
a/g:	-4772	-12064	10188	80	1611	720
a/g:	-4996	-12184	10096	1044	2284	999
a/g:	-5660	-11996	9084	103	1754	683
a/g:	-5288	-11792	9948	-834	2099	584
a/g:	-4904	-11112	9776	8	1385	521
a/g:	-5328	-10944	9464	21	268	224
a/g:	-5548	-11796	10304	429	478	533
a/g:	-5640	-11732	9728	436	381	420
a/g:	-5704	-11656	9504	-521	173	118
a/g:	-5412	-11412	9920	-726	102	-70
a/g:	-4856	-11304	9740	-883	-111	31
a/g:	-5440	-11988	9968	271	-1	258
a/g:	-5592	-11712	9768	-368	-36	104
a/g:	-5420	-11496	9672	-384	-199	-80
a/g:	-5408	-11536	9688	-411	-419	-81
a/g:	-5280	-11608	9900	-353	-646	12
a/g:	-5308	-11824	9796	-22	-657	-116
a/g:	-5088	-12428	10472	898	208	112
a/g:	-5144	-11696	9744	398	464	142
a/g:	-5544	-11900	10472	568	427	342
a/g:	-5280	-11376	9724	689	476	484
a/g:	-5136	-11736	9904	2002	986	548
a/g:	-5644	-11204	9340	71	24	112
a/g:	-5392	-11544	9960	-203	-86	16
a/g:	-5152	-11812	10888	390	301	292
a/g:	-5420	-11416	9668	67	6	105
a/g:	-5588	-11464	9800	-31	-10	19
a/g:	-5396	-11520	9924	24	293	95
a/g:	-5276	-11428	10108	-122	23	-11
a/g:	-5412	-11400	9996	-119	-66	62
a/g:	-5560	-11504	9848	123	-36	22
a/g:	-5320	-11540	10144	178	191	69
a/g:	-5364	-11384	10128	59	102	106
a/g:	-5312	-11564	10060	338	227	207
a/g:	-5416	-11716	10368	669	618	297
a/g:	-5700	-11424	9436	857	719	263
a/g:	-5408	-11084	9920	-35	252	160
a/g:	-5484	-11220	9872	112	48	77
a/g:	-5540	-11436	10320	-63	-24	15
a/g:	-5776	-11484	10024	526	322	190
a/g:	-5728	-11240	9672	-217	-86	112
a/g:	-5460	-11240	9952	-287	-288	9
a/g:	-5180	-11736	10444	119	-197	-104
a/g:	-5544	-11220	9972	-48	198	-23
a/g:	-5728	-10868	9500	-465	-193	45
a/g:	-5108	-11156	9848	-1761	-988	6
a/g:	-5396	-11964	10868	-122	-256	-39
a/g:	-5168	-11768	10796	48	267	-79
a/g:	-5400	-10980	9700	358	284	-56
a/g:	-5812	-11396	9952	705	132	84
a/g:	-5464	-11852	10620	280	210	130
a/g:	-5464	-11280	9652	451	507	101
a/g:	-5464	-10964	9632	-436	-132	-8
a/g:	-5820	-11608	10144	-255	-391	-4
a/g:	-5604	-11500	9824	87	194	51
a/g:	-5364	-11368	10328	16	157	-45
a/g:	-5564	-10916	9160	-554	-209	80
a/g:	-5364	-11508	10320	-97	-121	64
a/g:	-5248	-11844	10640	255	257	74
a/g:	-5316	-11440	10240	200	365	29
a/g:	-5232	-11236	9796	91	139	-10
a/g:	-5528	-10972	9436	-314	-151	54
a/g:	-5564	-11500	10240	78	-55	92
a/g:	-5396	-11700	10508	-88	248	153
a/g:	-5472	-11288	9932	-83	114	22
a/g:	-5768	-11384	10212	228	138	140
a/g:	-5544	-11196	9844	-176	-93	5
a/g:	-5472	-11360	9940	-96	57	26
a/g:	-5204	-11816	10772	372	349	147
a/g:	-5368	-11256	10064	-152	68	99
a/g:	-5676	-11120	9516	-165	-118	71
a/g:	-5524	-11368	10264	-212	-215	-47
a/g:	-5276	-11672	10412	-41	50	116
a/g:	-5328	-11452	10188	173	252	11
a/g:	-5376	-11208	10056	256	380	113
a/g:	-5512	-11152	10088	-139	-134	-27
a/g:	-5488	-11424	10076	-240	-149	104
a/g:	-5204	-11380	10124	50	-2	-17
a/g:	-5364	-11336	10064	-105	85	8
a/g:	-5436	-11100	9848	-347	-294	-67
a/g:	-5448	-11468	9984	-366	-286	-61
a/g:	-5508	-10872	8148	-2791	-1428	-599
a/g:	-5396	-8440	-1172	-10421	-4342	-1960
a/g:	-604	-19840	32767	-15017	-5837	-3965
a/g:	-2196	-11472	18996	8158	688	-1145
a/g:	-5524	-15312	13436	1955	2356	1657
a/g:	-4360	-14752	14024	-1632	4899	3515
a/g:	-7676	-11644	15316	4490	11600	5208
a/g:	-3088	-11724	14272	22630	6936	6161
a/g:	-7452	-7556	3744	19398	6329	5356
a/g:	-1924	-3384	-5584	6244	325	1728
a/g:	-2416	-4104	-15204	-21027	-9134	-6963
a/g:	-11104	-32768	32767	-19546	-21984	-7722
a/g:	3328	-17696	19260	1381	2922	-1762
a/g:	-5668	-15896	14128	-2434	3998	2021
a/g:	-4852	-14824	14868	643	3583	2023
a/g:	-4320	-11372	10552	8340	6033	4514
a/g:	-5764	-8372	4440	11974	3145	4326
a/g:	-5992	-8748	4272	2415	754	1014
a/g:	-6432	-11080	8560	-2513	-968	-890
a/g:	-5516	-11752	11400	-894	6	-596
a/g:	-5600	-10348	9072	-1100	-306	-291
a/g:	-5788	-11208	9896	-1654	-994	-494
a/g:	-6612	-12500	10804	53	-61	478
a/g:	-6272	-11232	9568	-205	242	-36
a/g:	-5708	-10304	8988	-708	-105	-170
a/g:	-5964	-11312	10156	-1149	-752	-304
a/g:	-5736	-11848	9864	-354	-342	-23
a/g:	-6272	-12380	10652	-164	294	60
a/g:	-5956	-10932	9180	-222	420	41
a/g:	-5840	-10864	9612	-1310	-134	-401
a/g:	-5856	-11292	10412	-150	49	154
a/g:	-6220	-11280	9212	-335	-299	-12
a/g:	-5628	-11884	10164	-619	-317	-5
a/g:	-5876	-11136	9328	-341	-134	-84
a/g:	-5812	-11284	9716	-503	-149	-164
a/g:	-5832	-11544	9616	-425	-263	-95
a/g:	-5888	-11620	9624	-272	-279	-14
a/g:	-5676	-11584	9604	-577	-388	-103
a/g:	-5524	-11840	10244	-342	-209	33
a/g:	-5672	-11344	9648	123	15	106
a/g:	-5724	-11500	9868	-37	-36	47
a/g:	-5644	-11740	9600	225	15	81
a/g:	-5916	-11736	9868	88	62	106
a/g:	-6232	-11444	9240	332	138	198
a/g:	-5788	-11744	10212	476	322	304
a/g:	-5808	-11768	10176	782	399	418
a/g:	-5744	-11220	9348	735	484	417
a/g:	-5712	-10876	9400	321	217	167
a/g:	-6028	-11400	9072	-440	-165	51
a/g:	-5972	-12000	10188	-185	157	246
a/g:	-5704	-11232	9688	-337	119	30
a/g:	-5756	-11156	9624	-238	-21	24
a/g:	-5924	-11444	9904	50	-41	83
a/g:	-5912	-11580	9752	-236	-89	-43
a/g:	-6060	-11512	9728	-111	-4	115
a/g:	-5824	-11260	9652	-8	-9	78
a/g:	-5796	-11348	9520	-310	-113	-7
a/g:	-5896	-11576	9760	-4	-80	60
a/g:	-6080	-11804	9956	116	-29	31
a/g:	-5892	-11356	9416	-15	156	47
a/g:	-5804	-11304	9680	-258	-67	-12
a/g:	-5916	-11500	9860	-270	-126	-24
a/g:	-5908	-11524	9860	251	110	124
a/g:	-5664	-11480	9948	22	84	14
a/g:	-5916	-11164	9580	-219	-16	-57
a/g:	-6124	-11204	9076	-131	-170	-48
a/g:	-4944	-8840	1656	-2122	-236	163
a/g:	-3688	-16880	22140	-8569	-9086	-3327
a/g:	-6176	-11680	8924	2546	-457	-539
a/g:	-5124	-13188	11796	214	1340	791
a/g:	-5808	-14088	13224	978	5811	2696
a/g:	-7752	-13600	15268	8014	4426	3709
a/g:	-6248	-10948	10328	21744	6440	5627
a/g:	-8844	-3076	-3112	8766	237	3550
a/g:	-3052	-4088	-4836	62	-1025	-999
a/g:	632	-3908	-19368	-32768	-14308	-11797
a/g:	1396	-24900	32767	22586	5095	-4068
a/g:	-11388	-14408	11756	2645	4841	366
a/g:	-5624	-14632	13684	-2061	1567	1415
a/g:	-5172	-13720	13832	89	1736	1031
a/g:	-4128	-10872	9844	5506	5488	3609
a/g:	-5880	-9148	5348	7650	1659	2413
a/g:	-6280	-10372	6624	1510	29	309
a/g:	-5776	-11536	9520	-1135	-90	-299
a/g:	-5592	-10912	9744	-700	53	-141
a/g:	-5772	-10884	10048	-1464	-750	-413
a/g:	-5884	-11444	9852	-75	-541	102
a/g:	-6368	-12084	10404	-17	75	239
a/g:	-5816	-10788	9332	-121	309	3
a/g:	-5608	-10592	9412	-663	-252	-155
a/g:	-6148	-11668	10448	-671	-460	-279
a/g:	-5776	-11644	9704	-119	-58	23
a/g:	-6184	-11828	10320	-222	314	59
a/g:	-5956	-10768	9464	-372	217	89
a/g:	-6036	-10860	9248	-443	-295	-70
a/g:	-6224	-11648	9816	-631	-450	-152
a/g:	-5932	-11976	10188	-189	-110	-112
a/g:	-5556	-11240	9756	298	363	189
a/g:	-5696	-10652	9304	-375	-202	-58
a/g:	-6412	-11592	9788	-200	-447	8
a/g:	-6128	-12072	10376	140	-130	4
a/g:	-5772	-11516	9628	434	396	208
a/g:	-5736	-10904	9472	-68	19	-11
a/g:	-6156	-11328	9760	-266	-294	-6
a/g:	-6068	-11856	10232	110	-98	72
a/g:	-6016	-11436	9544	344	215	184
a/g:	-6148	-11560	10088	504	297	322
a/g:	-5864	-11080	9388	177	120	195
a/g:	-6092	-11648	10612	663	146	233
a/g:	-5732	-10888	8868	472	-8	211
a/g:	-6056	-11220	9868	-322	-84	-68
a/g:	-5976	-11280	10032	-115	-61	-27
a/g:	-5932	-11276	9920	-19	-129	-15
a/g:	-5740	-11592	10196	-151	-133	20
a/g:	-5952	-11264	9628	-67	57	39
a/g:	-5792	-11000	9528	-109	-194	98
a/g:	-5884	-11640	10400	-211	-228	69
a/g:	-5980	-11584	10124	240	184	138
a/g:	-5940	-10892	9600	-85	28	65
a/g:	-5896	-11104	9848	-98	-62	8
a/g:	-6284	-11388	10052	-327	-37	-14
a/g:	-5852	-11468	9884	107	69	50
a/g:	-5888	-11208	9900	-7	205	80
a/g:	-5820	-10972	9544	-352	-49	-137
a/g:	-6080	-11628	10148	-436	-260	-220
a/g:	-5704	-11904	10616	1484	601	390
a/g:	-5820	-10920	8968	577	219	188
a/g:	-5944	-10612	9160	-370	-9	-6
a/g:	-6136	-11356	10108	-578	-324	-13
a/g:	-5952	-11760	10084	-342	-186	-89
a/g:	-6032	-11400	9892	63	96	130
a/g:	-5856	-10840	9668	-208	-69	-1
a/g:	-6072	-11024	9544	-651	-330	-135
a/g:	-5948	-11760	9992	284	128	197
a/g:	-5824	-11860	10344	62	99	39
a/g:	-5768	-10720	9232	-32	139	89
a/g:	-5820	-10788	9676	-388	-243	-64
a/g:	-5968	-11480	9964	-124	-151	36
a/g:	-7056	-12768	11596	1728	316	558
a/g:	-5248	-10792	8804	1221	817	659
a/g:	-6056	-10388	10312	214	-374	-378
a/g:	-6444	-11584	10608	916	-378	-95
a/g:	-5380	-11964	11220	2849	911	348
a/g:	-5788	-10112	9556	2402	1174	394
a/g:	-6684	-10596	10108	425	-150	-8
a/g:	-5948	-11468	11340	4415	1048	1252
a/g:	-4580	-10320	9164	973	-23	-466
a/g:	-6376	-10988	11388	-166	-397	-662
a/g:	-6132	-10372	10016	-279	-47	-137
a/g:	-6076	-10512	9916	145	-169	-72
a/g:	-6116	-10892	10344	-1154	-796	-409
a/g:	-5104	-11512	11536	584	-909	-539
a/g:	-6088	-10924	10336	203	-233	-449
a/g:	-5876	-11080	11328	939	210	118
a/g:	-6416	-9984	9336	304	441	305
a/g:	-5784	-10240	10268	-888	-788	-154
a/g:	-5516	-11032	10588	-1267	-324	-133
a/g:	-5616	-11060	10976	-982	-7	63
a/g:	-5168	-10472	10376	76	-33	333
a/g:	-5920	-10612	10244	-425	-170	114
a/g:	-5832	-10684	9888	-386	-415	-13
a/g:	-6148	-10992	10528	-428	-428	-109
a/g:	-5636	-10784	10544	-522	-159	-75
a/g:	-5664	-11136	10556	15	-86	-6
a/g:	-5792	-11096	10408	113	-58	-63
a/g:	-5740	-10968	10608	-247	46	-74
a/g:	-5832	-10788	10440	-65	284	69
a/g:	-6016	-11096	10540	584	442	246
a/g:	-5956	-10936	9784	871	426	211
a/g:	-5752	-10596	10096	57	166	86
a/g:	-5812	-10572	10224	64	179	90
a/g:	-5828	-10948	10580	-429	83	25
a/g:	-5892	-10808	10052	-686	-29	-19
a/g:	-5564	-10720	10360	-749	-78	-22
a/g:	-5928	-10340	9532	-1543	-363	-206
a/g:	-5032	-10492	8344	-4133	-1274	-626
a/g:	-6720	-8984	-2488	-14188	-6557	-3512
a/g:	-10624	-14572	14848	4647	2432	-1203
a/g:	-7816	-10196	8460	1217	2245	809
a/g:	-4756	-11136	10024	241	2366	1322
a/g:	-6148	-13824	15040	4946	5122	3112
a/g:	-7236	-12820	14872	10129	4272	2989
a/g:	-4296	-7236	1244	5867	1056	1576
a/g:	-4204	-7016	-976	-5635	-1241	-1552
a/g:	-4868	-10280	900	-31824	-7127	-8121
a/g:	-10700	-10884	2540	-1962	-4414	-2161
a/g:	-4488	-12596	11092	-86	741	908
a/g:	-6412	-12996	12256	3059	3306	1849
a/g:	-6032	-12068	11748	8454	2280	3121
a/g:	-4676	-8964	4908	6236	1065	1982
a/g:	-6012	-9864	7528	-556	-497	-339
a/g:	-6056	-11652	11048	-461	-663	-434
a/g:	-6504	-11724	10876	1196	14	439
a/g:	-5624	-10640	9272	1254	395	488
a/g:	-6096	-11008	10692	-239	-273	-16
a/g:	-5776	-10560	9560	-68	-187	30
a/g:	-6460	-11612	10832	494	-169	176
a/g:	-6080	-11132	10816	1275	437	474
a/g:	-5356	-10088	9028	182	134	75
a/g:	-5844	-10904	10704	-244	-193	-65
a/g:	-6164	-11264	10712	195	-125	211
a/g:	-6104	-10940	10244	555	126	202
a/g:	-5680	-10532	9692	-117	-9	0
a/g:	-6224	-10816	10432	-408	-257	25
a/g:	-6044	-11080	10448	-143	-117	136
a/g:	-6172	-11408	10816	469	260	237
a/g:	-6108	-10716	9924	128	281	176
a/g:	-6048	-10504	10128	452	181	185
a/g:	-6156	-10636	10376	-222	-71	17
a/g:	-6104	-10640	9912	-373	-157	-30
a/g:	-6128	-11348	10844	191	-18	115
a/g:	-6032	-10960	10220	203	128	127
a/g:	-5852	-10488	10176	115	126	83
a/g:	-6064	-10528	10064	-8	-15	1
a/g:	-6268	-10988	10612	10	30	83
a/g:	-6312	-10744	10336	6	84	102
a/g:	-6156	-10716	10376	-146	-82	-107
a/g:	-6120	-10724	10196	-541	-128	-137
a/g:	-5916	-10800	10272	-112	-21	54
a/g:	-5876	-11128	10832	321	175	179
a/g:	-6384	-10664	9548	-147	18	35
a/g:	-6060	-10692	9956	-314	-125	-59
a/g:	-4844	-7988	1312	-5229	-1037	-869
a/g:	-4176	-13064	13208	-31593	-8287	-7823
a/g:	-6972	-11760	8980	-1236	-1527	-584
a/g:	-3028	-11112	10032	178	2234	1539
a/g:	-6092	-12920	13984	1266	2721	1507
a/g:	-7188	-13560	14880	6796	3417	2857
a/g:	-4800	-12092	6476	11391	3155	3450
a/g:	-2696	-6608	-248	5794	1706	1272
a/g:	-960	-6776	-440	-8137	-2038	-2316
a/g:	-5868	-11444	4540	-32768	-8762	-9725
a/g:	-9616	-10504	3232	-2633	-4573	-1675
a/g:	-4496	-13040	11008	-184	672	958
a/g:	-6832	-14040	13684	4447	2330	1328
a/g:	-6128	-12652	12968	12634	3314	3484
a/g:	-3268	-6456	40	3157	1688	1865
a/g:	-7340	-10136	8632	-1798	-1180	-889
a/g:	-6672	-11976	11040	-799	-553	-438
a/g:	-5960	-11632	11180	-370	147	-157
a/g:	-5320	-10256	9776	-30	264	173
a/g:	-6168	-10640	9932	-357	-366	85
a/g:	-6752	-11244	10220	-415	-198	63
a/g:	-6128	-11260	10152	315	325	88
a/g:	-5688	-10412	9816	-252	0	8
a/g:	-6208	-10788	9920	-775	-412	-116
a/g:	-6336	-11336	10176	-251	-237	134
a/g:	-6260	-11620	10668	-34	50	9
a/g:	-5876	-10688	9892	-19	351	44
a/g:	-5928	-10252	9264	-633	-400	18
a/g:	-6496	-11112	10072	-826	-595	-190
a/g:	-6236	-11764	10716	-321	-385	-45
a/g:	-6156	-10828	9328	-129	-25	285
a/g:	-5872	-10688	10156	-511	-195	51
a/g:	-6004	-11152	10300	-167	-49	73
a/g:	-6252	-11444	10044	-31	52	-7
a/g:	-5956	-11260	10256	363	311	118
a/g:	-5800	-10648	9760	-161	57	109
a/g:	-6288	-11016	10024	26	-71	67
a/g:	-6248	-11504	10364	-23	-179	-125
a/g:	-6188	-11144	10416	102	336	176
a/g:	-6064	-10632	9768	139	345	202
a/g:	-6284	-10804	9780	-6	72	50
a/g:	-6256	-11136	10044	-21	-1	110
a/g:	-5960	-11064	10072	-110	-2	71
a/g:	-5888	-10760	10092	-306	-40	-17
a/g:	-6332	-11204	10376	57	38	140
a/g:	-6236	-11200	10144	281	226	191
a/g:	-6152	-11076	10396	460	390	182
a/g:	-6132	-10588	9532	93	203	83
a/g:	-6256	-11120	10360	66	-14	82
a/g:	-6096	-11056	10240	313	154	14
a/g:	-6360	-10576	9584	-59	-40	-48
a/g:	-6224	-10244	8664	-923	-589	-144
a/g:	-2164	-6700	-4196	-10654	-2574	-1882
a/g:	-10788	-25320	32767	-6215	-2751	-1850
a/g:	-4112	-14356	14064	-754	2201	940
a/g:	-4968	-14856	13668	1476	2976	1367
a/g:	-8024	-14724	14800	7510	7342	4111
a/g:	-5876	-12084	13204	18304	5644	4877
a/g:	-1588	-4852	-2956	6732	-610	1392
a/g:	-3800	-7636	456	-7382	-2437	-2294
a/g:	-6240	-10056	1440	-32768	-9491	-10453
a/g:	-8836	-9728	692	-1485	-4565	-2700
a/g:	-5488	-14160	11788	-1254	-564	653
a/g:	-7104	-15688	16072	5017	3928	2327
a/g:	-6496	-11816	10596	11613	4950	3826
a/g:	-4132	-7528	2856	5992	1372	2528
a/g:	-6220	-8928	5820	-976	-988	-563
a/g:	-7112	-12100	11264	-2256	-1242	-853
a/g:	-5800	-11588	10488	-1193	-251	-431
a/g:	-5224	-11172	10528	-289	-20	-7
a/g:	-6268	-11220	9976	-669	-280	-28
a/g:	-6292	-11116	9736	-370	-182	-82
a/g:	-6324	-11496	10476	-506	-156	-98
a/g:	-5816	-11084	10028	-291	-69	-128
a/g:	-5808	-11168	10152	-31	5	88
a/g:	-6128	-11328	9824	36	120	161
a/g:	-6936	-11604	9764	-95	-1	23
a/g:	-5908	-11308	10200	188	503	196
a/g:	-5648	-10780	9812	-372	155	-88
a/g:	-5832	-10920	9716	-107	-100	-98
a/g:	-6220	-11524	10428	-311	-38	117
a/g:	-6272	-11656	9964	551	230	53
a/g:	-5964	-11156	10068	442	396	157
a/g:	-5700	-10288	9236	-190	-24	114
a/g:	-6172	-11164	10004	-643	-396	-69
a/g:	-6424	-11936	10248	114	44	99
a/g:	-5848	-11248	10112	95	323	65
a/g:	-5524	-10484	9580	-282	104	41
a/g:	-5940	-10860	9716	-709	-421	-124
a/g:	-6088	-11992	10616	772	185	278
a/g:	-5788	-11360	10284	113	361	130
a/g:	-6012	-10500	9248	-49	186	67
a/g:	-6104	-10916	9928	-462	-191	-58
a/g:	-6132	-11780	10504	-67	-129	57
a/g:	-6140	-11592	10020	469	331	223
a/g:	-6000	-11064	9820	228	271	166
a/g:	-6128	-10992	9856	133	236	264
a/g:	-6284	-11356	10212	879	460	527
a/g:	-6232	-10976	9508	592	466	341
a/g:	-6068	-10928	9720	-52	173	73
a/g:	-6108	-11044	10036	360	333	215
a/g:	-6156	-10932	9960	-186	35	14
a/g:	-6324	-11040	9716	-57	-13	69
a/g:	-6144	-10844	9908	-405	-127	-99
a/g:	-6164	-11128	10244	-321	-103	-20
a/g:	-6276	-10952	9812	-512	-180	-103
a/g:	-6248	-10980	9764	-743	-375	-295
a/g:	-6180	-11384	10076	-1105	-417	-281
a/g:	-5948	-11612	10428	-136	-63	6
a/g:	-6096	-11216	9976	91	237	165
a/g:	-6064	-11020	9876	315	194	180
a/g:	-6156	-11092	9728	-11	94	74
a/g:	-6032	-11260	10232	270	222	155
a/g:	-6036	-11336	10176	441	346	262
a/g:	-5996	-11332	10356	282	163	213
a/g:	-6160	-10784	9444	366	406	269
a/g:	-6168	-10768	9720	-40	99	83
a/g:	-6416	-11316	10536	-389	-146	49
a/g:	-6384	-11204	9684	211	251	188
a/g:	-6344	-10968	9924	127	187	51
a/g:	-6264	-10244	8768	-873	-257	-115
a/g:	-2384	-5552	-3484	-4683	-455	-1572
a/g:	-11652	-16532	24828	-31350	-10795	-10180
a/g:	-6276	-11520	6056	-3459	-1724	-406
a/g:	-4864	-12280	11124	-727	1847	830
a/g:	-6992	-14472	14804	1411	2768	1903
a/g:	-9236	-16368	20324	13000	5281	6105
a/g:	-7136	-8164	976	11574	2896	3989
a/g:	-2920	-3208	-5776	3289	2089	744
a/g:	-1528	-6924	488	-8039	-2687	-3742
a/g:	-5056	-11276	3060	-31978	-10433	-10325
a/g:	-12024	-10988	5732	1810	-6684	-2581
a/g:	-6144	-14424	10884	-663	-833	650
a/g:	-6296	-14712	12776	2511	1065	876
a/g:	-5116	-12688	12416	5528	4276	2917
a/g:	-5552	-9144	5068	8941	2063	3301
a/g:	-5364	-8928	4156	1404	-237	295
a/g:	-6952	-12608	11436	-2598	-1133	-758
a/g:	-6100	-11412	9312	-533	-52	-210
a/g:	-5608	-11280	9712	-1248	-347	-249
a/g:	-6408	-12336	10896	20	-134	267
a/g:	-6376	-11480	8952	-113	181	175
a/g:	-6476	-11456	9660	79	203	17
a/g:	-5880	-10956	9220	-583	-156	-126
a/g:	-6416	-11824	9948	-585	-392	-15
a/g:	-6524	-11928	9896	-61	-165	-75
a/g:	-5860	-11516	9644	334	304	210
a/g:	-5836	-11000	9316	-264	36	4
a/g:	-5908	-11108	9288	-629	-289	12
a/g:	-6148	-11972	10128	-369	-295	21
a/g:	-6044	-11796	9780	24	24	105
a/g:	-6220	-11600	9808	496	204	289
a/g:	-5884	-11072	9264	-65	80	34
a/g:	-6124	-11156	9196	-484	-176	-88
a/g:	-6256	-12132	10380	-355	-299	41
a/g:	-6212	-11852	9680	-12	188	101
a/g:	-5808	-11132	9324	548	581	344
a/g:	-5928	-10948	9412	-389	-77	-49
a/g:	-5960	-11432	9476	-646	-343	-72
a/g:	-5856	-12096	10140	-347	4	27
a/g:	-5852	-11548	9552	-272	137	-68
a/g:	-6160	-11576	10008	130	100	75
a/g:	-6016	-11288	9192	-301	-54	69
a/g:	-6100	-11436	9612	-197	-112	-60
a/g:	-6348	-12044	9956	-15	-32	-52
a/g:	-5824	-11360	9380	310	317	241
a/g:	-5848	-11260	9668	-15	61	107
a/g:	-6212	-11552	9532	-116	-9	14
a/g:	-6056	-11632	9536	108	87	66
a/g:	-5856	-11392	9596	-52	66	73
a/g:	-5776	-11336	9580	439	176	216
a/g:	-5848	-11356	9464	-167	41	50
a/g:	-5952	-11436	9576	-251	-117	-44
a/g:	-6060	-11380	9516	-234	-116	-19
a/g:	-6000	-11600	9876	-190	-48	15
a/g:	-5960	-11472	9616	-43	58	7
a/g:	-6012	-11360	9464	-132	2	27
a/g:	-6152	-11748	9584	-207	-166	-31
a/g:	-6116	-11452	9664	-108	82	7
a/g:	-5864	-11352	9340	-24	2	13
a/g:	-6100	-11500	9516	-333	-82	-20
a/g:	-6156	-11556	9680	-443	-97	-56
a/g:	-5940	-11608	9612	-249	80	56
a/g:	-5904	-11460	9624	-357	-177	-92
a/g:	-6216	-11564	9456	-417	-175	-193
a/g:	-5964	-11572	9440	-474	-59	-106
a/g:	-5776	-11688	9812	-362	-23	-121
a/g:	-5672	-11576	9348	-78	-34	63
a/g:	-5948	-11704	9440	-263	104	149
a/g:	-5940	-11580	9508	-186	154	98
a/g:	-5932	-11460	9372	-336	-34	13
a/g:	-6028	-11596	9396	-312	-143	-48
a/g:	-6036	-11776	9576	-85	-14	55
a/g:	-6184	-11856	9348	-174	-104	97
a/g:	-6076	-11628	9484	12	-35	39
a/g:	-5872	-11524	9428	-32	57	15
a/g:	-5832	-11564	9400	-240	-115	48
a/g:	-5832	-11708	9528	-66	-56	124
a/g:	-5840	-11712	9556	-122	9	76
a/g:	-5812	-11564	9408	110	83	80
a/g:	-6060	-11680	9456	-8	-45	27
a/g:	-6092	-11820	9544	-23	-26	7
a/g:	-6016	-11476	9344	4	124	77
a/g:	-6108	-11716	9664	258	105	150
a/g:	-5928	-11688	9552	32	146	138
a/g:	-5856	-11604	9424	54	34	-11
a/g:	-6072	-11996	10368	716	254	217
a/g:	-5848	-11152	8744	194	164	102
a/g:	-6040	-11544	9724	274	56	78
a/g:	-6044	-11420	9772	270	51	143
a/g:	-6112	-11520	9420	233	-30	-1
a/g:	-5864	-11512	9728	1047	261	212
a/g:	-5932	-11492	9852	680	67	40
a/g:	-6760	-12096	9856	638	-727	728
a/g:	-6996	-11424	8772	-72	-496	-114
a/g:	-6228	-11760	10140	589	-201	-51
a/g:	-5680	-11384	9600	799	-68	14
a/g:	-5880	-11484	10016	624	-396	22
a/g:	-5668	-10908	9192	928	-565	-161
a/g:	-5764	-11264	9744	257	-566	-271
a/g:	-5488	-11264	9972	550	-650	-441
a/g:	-6028	-12104	11052	1423	-625	-48
a/g:	-5644	-11136	9224	1357	-88	-193
a/g:	-5828	-10796	10088	675	-489	-187
a/g:	-6316	-11604	11652	2099	-661	85
a/g:	-5260	-10928	9244	4178	-167	415
a/g:	-5792	-10856	9916	1319	-1908	-1069
a/g:	-5292	-11216	10300	1630	-1902	-1209
a/g:	-5348	-10824	10780	907	-1710	-1215
a/g:	-4984	-10616	10748	652	-1353	-706
a/g:	-5208	-11192	10356	468	-1516	-774
a/g:	-5372	-11772	11396	463	-1153	-706
a/g:	-4976	-11232	10928	36	-702	-464
a/g:	-4672	-10328	11164	613	-1391	-1470
a/g:	-5384	-11056	10740	1795	-2963	-2338
a/g:	-5388	-11476	12112	1481	-2285	-1062
a/g:	-4224	-10020	10688	-351	-2678	-2452
a/g:	-4820	-11292	12756	2712	-3583	-2952
a/g:	-3736	-11204	11076	1801	-3303	-2763
a/g:	-3748	-11176	11256	906	-1057	-1644
a/g:	-3164	-9688	11100	1856	-2202	-1723
a/g:	-3304	-10408	10668	1289	-3431	-2730
a/g:	-3080	-11036	11852	382	-2835	-1803
a/g:	-2968	-10612	11672	813	-2635	-1506
a/g:	-3596	-10184	11236	1005	-3198	-2231
a/g:	-2732	-11316	12048	484	-3185	-1816
a/g:	-2480	-10120	10952	-524	-2222	-1414
a/g:	-2512	-11032	13580	704	-3517	-1762
a/g:	-2028	-9392	10612	848	-3847	-864
a/g:	-1760	-11108	11704	671	-1928	-905
a/g:	-1572	-10916	12744	519	-1804	-1040
a/g:	-1936	-10720	12412	991	-2622	-1108
a/g:	-1496	-10296	11368	652	-1793	-437
a/g:	-992	-10100	11988	1063	-1521	-613
a/g:	-1728	-10136	11804	1941	-3245	-1096
a/g:	-1252	-11664	13604	1080	-2003	-140
a/g:	-672	-10456	12636	-314	-492	234
a/g:	-1676	-9872	12128	-273	-1524	-408
a/g:	-912	-10044	12432	-747	-1248	-910
a/g:	-1176	-10460	12632	-233	-713	-157
a/g:	-664	-10208	12648	-1114	-1503	-546
a/g:	-1524	-10160	11920	499	-664	-156
a/g:	-1164	-10368	12712	31	-1543	160
a/g:	-184	-9772	11584	-403	-1048	-166
a/g:	140	-11224	13472	-39	-1537	-156
a/g:	-356	-11172	13172	-903	217	129
a/g:	-88	-10272	11996	-346	238	-95
a/g:	-532	-10468	12144	-797	399	142
a/g:	-736	-10428	12176	-648	-12	1
a/g:	-192	-10252	12064	-1845	-985	-382
a/g:	-484	-10384	11624	-1559	-1072	-242
a/g:	-1424	-11188	12812	-1306	-1093	-251
a/g:	-576	-10828	12340	-511	-158	-93
a/g:	-512	-10796	11944	-589	-68	136
a/g:	-272	-10576	11876	-100	209	215
a/g:	-216	-11044	12624	392	192	9
a/g:	-136	-10548	11908	274	-37	-16
a/g:	52	-11088	12584	512	175	209
a/g:	-96	-10624	12972	1453	-82	-68
a/g:	-740	-10596	11968	1769	-1053	0
a/g:	-660	-10484	11880	1641	-1463	-264
a/g:	52	-10828	13136	2718	609	624
a/g:	36	-9828	11676	1689	-753	27
a/g:	-500	-10408	12404	1603	-1220	52
a/g:	-400	-10504	12124	1182	405	182
a/g:	-108	-10288	12420	-340	-695	-281
a/g:	-92	-9956	12272	-504	-467	28
a/g:	-216	-9872	12036	-183	-887	52
a/g:	-344	-10488	12772	-408	-429	154
a/g:	60	-10332	12780	-293	-49	-55
a/g:	-152	-10132	12272	-208	-375	56
a/g:	476	-9872	12056	99	-694	-143
a/g:	196	-10628	12808	196	-947	-296
a/g:	-88	-10512	12504	-735	840	-124
a/g:	172	-10012	12488	-226	89	400
a/g:	288	-10428	12916	106	692	366
a/g:	-40	-10676	13152	391	181	322
a/g:	-384	-10240	12144	-111	236	380
a/g:	-312	-10372	12576	-338	305	362
a/g:	-576	-9856	11776	-538	696	517
a/g:	-56	-10040	12344	-641	128	567
a/g:	-188	-10488	12512	-575	225	435
a/g:	144	-10468	12464	-542	425	428
a/g:	-56	-10468	12552	-369	422	211
a/g:	-252	-10248	12120	-522	392	696
a/g:	-4	-10040	12324	-375	110	747
a/g:	-768	-10724	12900	198	-110	375
a/g:	-524	-10368	12092	-1029	398	-26
a/g:	-496	-10888	12772	-13	197	281
a/g:	-460	-10464	12052	-92	153	174
a/g:	-460	-10272	12064	-282	-36	223
a/g:	-284	-10368	12276	-57	54	511
a/g:	-2580	-11684	12264	12	-2956	-331
a/g:	-580	-10372	11808	-92	-114	169
a/g:	-508	-10356	12328	-337	43	363
a/g:	-116	-10484	12388	-156	-69	332
a/g:	-516	-11020	12900	154	-252	-2
a/g:	-452	-10448	12000	-39	98	50
a/g:	-528	-10232	11948	-21	343	239
a/g:	-388	-10468	12260	64	209	140
a/g:	-568	-10508	12084	84	289	152
a/g:	-436	-10292	11700	-238	66	196
a/g:	-480	-10624	12640	-89	111	206
a/g:	-520	-10584	12360	-142	-24	123
a/g:	-568	-10588	12460	-61	-43	81
a/g:	-540	-10436	12148	-70	213	-9
a/g:	-664	-10480	12068	-82	360	172
a/g:	-452	-10576	12372	-130	122	57
a/g:	-392	-10208	11576	-91	793	61
a/g:	-680	-10488	12264	-1204	-25	-103
a/g:	136	-10936	10364	-1877	-364	-590
a/g:	-396	-11032	12172	-3218	-709	-802
a/g:	-440	-10548	11676	-3892	-532	-571
a/g:	-648	-10580	10688	-4306	-1507	-727
a/g:	220	-10732	11128	-4522	-1753	-721
a/g:	-100	-11524	11640	-3498	-864	-269
a/g:	-340	-11744	11064	-3722	-844	-384
a/g:	-504	-11628	10884	-3794	-651	-134
a/g:	-44	-11996	11448	-2101	-31	44
a/g:	-44	-11532	9852	-2695	0	31
a/g:	284	-12236	10572	-4481	-723	-383
a/g:	132	-13356	11720	-3933	90	-332
a/g:	512	-12212	9824	-4476	78	-882
a/g:	28	-12092	9440	-5439	-472	-1000
a/g:	112	-13520	10620	-6472	-612	-839
a/g:	448	-13476	10112	-3845	656	-451
a/g:	428	-13124	8824	-4321	504	-828
a/g:	384	-12636	7952	-6524	-1243	-1417
a/g:	476	-14384	9760	-6653	-970	-1201
a/g:	436	-14716	9504	-4863	59	-675
a/g:	608	-13744	8068	-3646	724	-343
a/g:	608	-11800	5796	-3740	-48	-1089
a/g:	944	-14152	7784	-5062	166	-104
a/g:	-80	-14552	7632	-4567	-30	-53
a/g:	-196	-12808	6500	-3818	184	-221
a/g:	636	-12872	4968	-4039	-958	-856
a/g:	740	-14672	6872	-5825	609	-463
a/g:	-96	-14920	6832	-4704	-983	26
a/g:	660	-14692	6720	-4225	1024	6
a/g:	772	-14520	5752	-2202	534	108
a/g:	1028	-14056	5624	-2330	178	85
a/g:	800	-14864	4928	-6445	-479	-216
a/g:	160	-16276	6436	-5929	309	-155
a/g:	116	-15240	6060	-4000	789	770
a/g:	768	-15260	4692	-2283	-831	119
a/g:	464	-15408	4676	-3780	-338	-221
a/g:	448	-15276	4920	-5601	154	122
a/g:	184	-14840	3344	-5293	-1048	-243
a/g:	876	-16072	5216	-4495	-353	59
a/g:	888	-15564	4412	-4072	386	301
a/g:	548	-15104	4272	-1235	300	95
a/g:	848	-14132	1592	-1768	-424	-161
a/g:	856	-15716	3984	-2692	-559	159
a/g:	204	-16308	4336	-360	209	296
a/g:	376	-15580	3508	813	-25	127
a/g:	372	-15172	3312	1348	528	279
a/g:	380	-16192	4584	2617	217	230
a/g:	728	-15612	3740	2622	88	27
a/g:	432	-15404	4408	4104	399	801
a/g:	624	-15812	5852	8582	1272	1409
a/g:	1652	-15416	5252	15250	3055	1998
a/g:	1256	-12016	1956	8910	472	1298
a/g:	-136	-15336	6792	7376	1916	1744
a/g:	344	-14708	7140	8780	1984	1821
a/g:	0	-14368	7836	11700	2704	2282
a/g:	-256	-13976	7400	12449	3033	2342
a/g:	-512	-12852	6892	8745	1852	1768
a/g:	-380	-13248	8644	8351	1832	1615
a/g:	-892	-12920	9404	10264	3114	2789
a/g:	-588	-12624	9320	8635	2712	2518
a/g:	-1568	-12936	10988	9157	2230	2152
a/g:	-1596	-12328	11756	11620	3749	2953
a/g:	-1096	-11792	10608	7291	1941	2282
a/g:	-1824	-11336	11292	6095	1409	1707
a/g:	-1588	-10508	11032	4940	797	1230
a/g:	-1724	-10716	11784	3912	608	1234
a/g:	-2012	-11076	12676	5648	770	1509
a/g:	-2284	-10544	12704	5428	844	1272
a/g:	-2216	-10716	12884	5395	792	1351
a/g:	-2252	-9780	11204	2868	536	1074
a/g:	-1964	-9636	12304	1786	-964	126
a/g:	-2660	-10040	12948	2283	-554	552
a/g:	-2728	-9588	12148	2133	258	759
a/g:	-1900	-9396	12704	298	-219	348
a/g:	-2320	-10076	14000	1412	-445	216
a/g:	-2580	-9456	13756	2917	26	496
a/g:	-2416	-9152	11840	3027	-101	1067
a/g:	-2340	-9448	13300	2910	-5	843
a/g:	-2108	-9352	13024	1776	-367	345
a/g:	-3024	-9004	14600	2936	191	745
a/g:	-2144	-8548	12388	2735	175	818
a/g:	-2488	-8840	13116	1514	-371	639
a/g:	-2504	-9104	13864	979	-380	138
a/g:	-2240	-8980	13440	-763	20	-514
a/g:	-2748	-8620	12936	-1194	-372	-526
a/g:	-2652	-8540	13068	-940	-580	-108
a/g:	-2280	-8800	13868	-772	-401	2
a/g:	-2272	-8872	13720	-847	-632	-393
a/g:	-2460	-8740	13068	-2163	-1446	-745
a/g:	-2784	-8900	13432	-1995	-1810	-830
a/g:	-2044	-9120	12916	-2075	-802	-610
a/g:	-2440	-9996	14288	-5124	128	-1174
a/g:	-2196	-9680	12792	-3628	-994	-951
a/g:	-1436	-9968	12668	-4302	-660	-1071
a/g:	-1376	-9804	12232	-5451	-886	-1488
a/g:	-1744	-10220	11908	-7248	-2811	-1677
a/g:	-1056	-11196	13496	-5592	-958	-1150
a/g:	-784	-10788	12028	-4524	-829	-765
a/g:	-624	-10852	11100	-7103	-2506	-1767
a/g:	-780	-11468	11236	-8967	-2624	-1893
a/g:	-776	-11880	10756	-9702	-2440	-1611
a/g:	-240	-12388	10524	-11913	-3001	-1879
a/g:	-52	-13180	10600	-12297	-2266	-1963
a/g:	-64	-13716	10572	-12087	-1361	-1630
a/g:	456	-13736	9176	-12431	-1527	-1803
a/g:	584	-13392	8484	-8094	-544	-1426
a/g:	20	-13620	6560	-10481	-1884	-1792
a/g:	404	-15244	8196	-8634	-213	-1252
a/g:	260	-14360	6472	-7115	-2	-1195
a/g:	596	-14692	6696	-6690	-41	-881
a/g:	108	-15996	7048	-6534	231	-310
a/g:	320	-15716	5492	-7258	318	-437
a/g:	912	-15160	5248	-7139	544	-511
a/g:	640	-14976	4672	-5784	689	-209
a/g:	848	-14396	3180	-6832	-638	-262
a/g:	800	-15488	4500	-6392	-18	58
a/g:	348	-16784	4800	-4865	-683	30
a/g:	-556	-15200	2768	-4482	-1176	-183
a/g:	-68	-15492	3852	-932	94	249
a/g:	792	-14628	2148	-1887	60	-41
a/g:	572	-15812	2556	-3347	-510	-197
a/g:	684	-16524	4140	-1135	-161	144
a/g:	724	-14808	2484	-94	87	-51
a/g:	796	-14324	1924	-873	-176	-419
a/g:	584	-15720	2692	-912	-140	-359
a/g:	712	-15660	2808	-986	-111	-377
a/g:	788	-15532	2588	-603	208	205
a/g:	580	-15756	2892	-886	252	439
a/g:	620	-15760	2484	-196	128	115
a/g:	436	-16080	3028	461	-216	-35
a/g:	508	-15884	2952	366	-36	-70
a/g:	612	-16016	3084	715	15	342
a/g:	328	-15956	2952	1946	19	649
a/g:	76	-16672	4212	4170	-16	338
a/g:	128	-16024	4380	6867	-96	293
a/g:	284	-16520	6036	12045	-28	316
a/g:	-700	-15900	5744	17497	1350	2296
a/g:	228	-14220	5092	20237	4552	3853
a/g:	716	-14612	5780	19690	4068	3416
a/g:	28	-14300	7108	14424	2869	2816
a/g:	-520	-14012	7740	11903	2221	2269
a/g:	-144	-13472	8656	8196	2715	2190
a/g:	-1392	-12884	9448	9771	2391	2158
a/g:	-1380	-12756	9716	11418	2681	2664
a/g:	-984	-12292	10260	9004	2555	2325
a/g:	-1728	-11800	10504	6344	1363	1701
a/g:	-1796	-11976	11448	8604	1851	2118
a/g:	-2016	-10976	10016	6459	1305	1718
a/g:	-1688	-10560	10996	3428	52	1001
a/g:	-1880	-10756	11996	4956	439	1547
a/g:	-2128	-11076	12084	4672	223	1447
a/g:	-1500	-10676	12392	4729	779	1406
a/g:	-1252	-9852	11864	2540	376	966
a/g:	-3364	-11784	13944	4643	-189	1010
a/g:	-1924	-10012	12232	3727	-330	867
a/g:	-2944	-10312	12676	1587	-364	382
a/g:	-1816	-9748	12580	1203	-44	345
a/g:	-1892	-9700	12956	1072	-391	81
a/g:	-2248	-9460	12892	2111	-86	261
a/g:	-1836	-9204	12608	1720	-82	9
a/g:	-2216	-9420	13232	1388	126	-181
a/g:	-2712	-9560	13144	1834	345	271
a/g:	-1804	-9220	12076	80	-630	751
a/g:	-2052	-9488	13520	614	155	346
a/g:	-2340	-9536	13424	-102	2	142
a/g:	-2060	-9344	13216	265	582	67
a/g:	-2204	-9276	13184	91	219	-115
a/g:	-1984	-8972	12760	-468	-312	222
a/g:	-2084	-9180	13052	-398	-301	90
a/g:	-1848	-9604	13764	-116	79	-74
a/g:	-2124	-9292	12844	-621	-109	-296
a/g:	-1828	-9088	12976	-1098	-226	94
a/g:	-2196	-9196	12952	-454	-257	-39
a/g:	-2536	-9412	12724	-625	-336	-117
a/g:	-2836	-9600	12892	-1017	-492	-94
a/g:	-2440	-9572	12936	-1104	-250	-126
a/g:	-1252	-9156	12092	-1707	-779	-526
a/g:	-6512	-11704	11940	-8727	-11241	-4153
a/g:	-1728	-10568	13240	-2825	-625	-771
a/g:	-220	-10180	11796	-5562	-1193	-1382
a/g:	-1048	-10652	10724	-12319	-5057	-3273
a/g:	-1072	-12032	13296	-10068	-3729	-2209
a/g:	-428	-11292	11172	-7090	-2066	-1489
a/g:	-820	-11604	9932	-8095	-2563	-1605
a/g:	-400	-12444	10816	-7695	-1658	-1372
a/g:	-264	-12932	10360	-6145	-1156	-1109
a/g:	-128	-12712	9584	-7771	-1100	-1281
a/g:	-284	-12764	8756	-8350	-1089	-1388
a/g:	224	-13216	8760	-9334	-1636	-1684
a/g:	876	-14500	9264	-10718	-1846	-1819
a/g:	520	-14588	8128	-10369	-785	-1573
a/g:	860	-13792	6320	-10470	-364	-1453
a/g:	612	-14392	6860	-11025	-796	-1808
a/g:	456	-14376	6048	-9469	-1005	-1704
a/g:	664	-14716	5492	-9428	-1147	-1605
a/g:	568	-14744	4292	-9680	-1214	-1791
a/g:	624	-15416	4092	-9017	-1231	-1971
a/g:	572	-16048	4956	-7142	-108	-1029
a/g:	896	-14800	3048	-6628	-142	-1054
a/g:	1064	-15432	3504	-6659	-186	-1219
a/g:	956	-16140	4152	-4840	-251	-636
a/g:	1220	-16552	4192	-3384	237	-350
a/g:	1388	-15808	2744	-2411	262	-322
a/g:	1336	-16048	2616	-3513	-222	-202
a/g:	1304	-16004	3312	-1882	252	-59
a/g:	1360	-15688	2036	-473	190	137
a/g:	1360	-15676	1420	-2690	-954	-628
a/g:	1368	-16300	2052	-2253	-203	-136
a/g:	1276	-16608	3152	-35	247	350
a/g:	1524	-15176	1456	763	12	261
a/g:	1252	-15768	1844	-758	-67	99
a/g:	1332	-15832	2068	-60	-4	192
a/g:	1384	-16028	2132	846	-212	3
a/g:	1368	-16188	2420	1648	246	499
a/g:	1388	-15900	2536	3080	69	241
a/g:	1140	-15784	3424	4956	54	615
a/g:	540	-16508	5388	12039	869	1927
a/g:	1492	-15420	3492	18297	2646	3454
a/g:	1948	-15284	4148	12054	2609	2623
a/g:	804	-15700	5768	12698	1591	2918
a/g:	40	-15680	6716	15970	2772	3541
a/g:	416	-14172	6540	18475	3960	4154
a/g:	492	-13268	6716	14881	3824	3682
a/g:	-308	-13076	7420	10444	2207	2490
a/g:	-396	-13824	9936	8518	2426	2202
a/g:	-804	-13184	9392	10327	3346	2796
a/g:	-1472	-12312	10040	11318	4503	3449
a/g:	-1536	-11820	9612	8532	2311	2322
a/g:	-960	-12260	11352	6027	1809	1732
a/g:	-1496	-11900	11368	5576	2072	1690
a/g:	-1740	-11708	11940	4438	1740	1114
a/g:	-2068	-10748	10824	3302	1394	921
a/g:	-1796	-10960	12160	2568	904	709
a/g:	-2004	-10804	11584	2601	500	658
a/g:	-2060	-10888	11696	1661	77	314
a/g:	-2052	-10912	11844	1538	460	346
a/g:	-1856	-10936	12224	870	404	251
a/g:	-1912	-10564	11884	470	220	139
a/g:	-2048	-10664	12028	567	-39	69
a/g:	-2200	-10664	12020	611	125	162
a/g:	-2020	-10436	11808	240	107	259
a/g:	-2412	-10488	11424	382	-115	240
a/g:	-2068	-10632	12016	488	-62	355
a/g:	-2104	-10532	12140	1005	155	376
a/g:	-2260	-10544	11880	484	-113	41
a/g:	-2060	-10432	12108	130	-58	-28
a/g:	-2300	-10364	11748	324	-122	143
a/g:	-2064	-10416	12128	49	8	76
a/g:	-1868	-10668	12616	361	-450	-162
a/g:	-2392	-10612	12616	140	-138	-149
a/g:	-2200	-10328	11916	118	-14	-65
a/g:	-2288	-10372	11892	247	183	188
a/g:	-2148	-10344	12224	-17	-148	87
a/g:	-2148	-10676	12556	164	-118	-88
a/g:	-2168	-10464	12152	-47	238	67
a/g:	-2024	-10108	12064	-23	83	65
a/g:	-2352	-10440	12176	108	-5	25
a/g:	-2304	-10456	12356	-194	-47	6
a/g:	-2000	-10568	12324	58	370	176
a/g:	-2024	-10092	11876	-21	79	80
a/g:	-2152	-10468	12308	-64	-114	19
a/g:	-2036	-10248	12184	156	75	74
a/g:	-1936	-10624	12688	-98	-30	66
a/g:	-2108	-10144	11936	-75	-72	-4
a/g:	-2172	-10260	12068	-85	-70	12
a/g:	-2084	-10224	11960	-318	-407	-21
a/g:	-2116	-10512	12576	-101	-303	57
a/g:	-2236	-10736	12916	-82	-99	-80
a/g:	-2072	-10200	11864	-235	141	-13
a/g:	-1944	-10056	12132	-138	-92	46
a/g:	-2204	-10496	12344	198	-127	72
a/g:	-2060	-10464	12148	88	291	151
a/g:	-1940	-10076	12004	-137	59	62
a/g:	-1936	-10268	12200	-93	-213	74
a/g:	-2040	-10396	12316	-38	-118	39
a/g:	-2036	-10300	12232	-47	5	30
a/g:	-1968	-10296	11992	-267	-366	17
a/g:	-1960	-10392	12204	-313	-304	-95
a/g:	-1984	-10328	12168	-299	-224	53
a/g:	-1928	-10496	11856	-230	-305	17
a/g:	-2192	-10636	12276	-19	-366	-145
a/g:	-1780	-10488	12124	-656	-84	-129
a/g:	-1852	-10076	11504	-4346	-2249	-1177
a/g:	-1664	-11192	14004	-8391	-1527	-1836
a/g:	-1208	-11168	10912	-6726	-1616	-1168
a/g:	-1148	-11176	9860	-12681	-4325	-2725
a/g:	-1520	-12060	9788	-14702	-4456	-2800
a/g:	-556	-12760	10280	-16129	-3618	-2774
a/g:	-520	-13176	8372	-12905	-2344	-2039
a/g:	-464	-13228	7500	-13348	-2257	-2069
a/g:	12	-14972	8980	-11996	-1889	-1887
a/g:	352	-15056	7216	-15028	-1560	-2148
a/g:	8	-15168	6304	-13109	-518	-1919
a/g:	472	-15276	6688	-9609	551	-1170
a/g:	-328	-14516	5096	-11601	-760	-1958
a/g:	-496	-16204	5768	-9006	-127	-1266
a/g:	308	-15788	4668	-6837	-229	-969
a/g:	-100	-15380	3616	-6612	442	-443
a/g:	864	-15456	3900	-8472	-441	-806
a/g:	468	-16124	3952	-6892	-1455	-634
a/g:	404	-15628	2804	-5361	-562	-535
a/g:	740	-15652	2240	-5715	-131	-490
a/g:	444	-16336	2576	-4018	-348	-66
a/g:	488	-16300	3220	-679	252	170
a/g:	1156	-14908	484	-3155	-79	-322
a/g:	740	-15972	1492	-4319	-869	-493
a/g:	744	-16356	2308	-2103	-425	4
a/g:	728	-15136	1056	-60	66	-38
a/g:	1132	-14568	616	-977	25	-83
a/g:	748	-15888	1280	-1624	-648	-383
a/g:	284	-16548	1608	-261	10	329
a/g:	1072	-16000	1216	711	-77	103
a/g:	836	-15832	1376	1303	-209	93
a/g:	748	-16132	1748	2966	-186	390
a/g:	788	-15664	1508	2988	-68	473
a/g:	716	-15780	1484	3425	34	353
a/g:	904	-16080	2624	5143	82	401
a/g:	932	-16668	5084	11010	1590	1647
a/g:	-112	-16392	5636	19809	2192	2972
a/g:	1280	-14648	3980	18871	3565	3592
a/g:	-4	-16272	6160	19403	2582	4112
a/g:	-20	-14976	7376	24210	4448	5289
a/g:	52	-12796	4992	19163	4908	4150
a/g:	-288	-13132	7088	11229	3153	2456
a/g:	-1100	-13800	9752	10999	3082	2622
a/g:	-1244	-13432	9600	9262	2915	2261
a/g:	-1248	-12952	10240	6949	2445	1760
a/g:	-1300	-11844	9872	4434	1663	1128
a/g:	-1692	-12140	11008	4440	1235	865
a/g:	-1916	-11584	10428	4342	1150	1073
a/g:	-1916	-11864	11140	4274	1140	998
a/g:	-1756	-11560	11344	5048	1948	1285
a/g:	-2336	-11072	10720	5422	2631	1398
a/g:	-2264	-11376	12168	5337	2203	1382
a/g:	-2380	-10688	11908	6790	1988	1819
a/g:	-2036	-10268	11324	4944	1506	1414
a/g:	-2696	-9732	10856	2126	457	688
a/g:	-2728	-10308	12940	2602	437	645
a/g:	-2532	-10200	12976	3467	944	980
a/g:	-2816	-9836	11736	2559	328	464
a/g:	-2700	-9848	12728	1019	240	155
a/g:	-2608	-9684	12368	931	16	344
a/g:	-2980	-9720	12484	89	-408	-6
a/g:	-2856	-9916	13060	-282	-381	51
a/g:	-2700	-9688	12808	-54	-367	-17
a/g:	-2656	-9572	12328	-409	-307	-16
a/g:	-2740	-9588	12336	-693	-347	-94
a/g:	-2952	-10120	13192	-1156	-86	23
a/g:	-2620	-9968	13036	-41	170	266
a/g:	-2812	-9588	11584	-1114	-745	-139
a/g:	-2716	-9464	12120	-1045	-815	-308
a/g:	-2440	-9896	12464	-289	-209	14
a/g:	-2500	-9916	12260	-782	-273	-147
a/g:	-2500	-10100	12336	-1131	-379	-217
a/g:	-2436	-9860	11904	-1222	-596	-343
a/g:	-2724	-10056	12608	-1257	-1102	-389
a/g:	-2496	-10368	12192	-1450	-935	-525
a/g:	-2216	-10092	12152	-2330	-919	-509
a/g:	-2676	-10264	11284	-3556	-2081	-1094
a/g:	-2208	-10840	11436	-7652	-3961	-2300
a/g:	-2308	-11688	12508	-6923	-4537	-1771
a/g:	-1596	-11184	10972	-4818	-1863	-1033
a/g:	-3388	-9056	7592	-12195	-3657	-2468
a/g:	-1760	-12968	11004	-17580	-5484	-3696
a/g:	-812	-13392	10780	-14641	-1571	-2135
a/g:	-148	-12548	8252	-14166	-1356	-2354
a/g:	-584	-13300	7944	-15995	-2232	-2422
a/g:	-536	-14144	7836	-15118	-1617	-1882
a/g:	-692	-15292	7620	-12047	-1081	-1668
a/g:	-220	-15548	6152	-12513	-450	-1631
a/g:	-664	-15204	4944	-11084	110	-1011
a/g:	-84	-15104	5384	-9290	-324	-1251
a/g:	420	-14348	3112	-10577	-916	-1787
a/g:	292	-15936	4348	-9084	-135	-1228
a/g:	992	-15972	4304	-6911	395	-512
a/g:	324	-15812	2916	-5649	-315	-591
a/g:	672	-15880	2940	-6149	-748	-790
a/g:	168	-15640	1460	-5250	-873	-702
a/g:	-80	-15840	2884	-3561	-303	-180
a/g:	312	-15800	1252	-4068	-602	-456
a/g:	992	-15408	468	-3497	-810	-648
a/g:	748	-16276	2600	-1253	182	-121
a/g:	612	-15464	1180	-504	-115	-63
a/g:	536	-15564	1220	-1350	-236	-289
a/g:	516	-16112	1192	-1530	-1	-181
a/g:	476	-16452	1672	65	138	146
a/g:	640	-15748	1012	398	75	101
a/g:	572	-15928	1440	299	-17	137
a/g:	480	-15984	1624	693	-43	222
a/g:	440	-16228	1728	1944	-212	306
a/g:	216	-16852	2916	5508	472	909
a/g:	152	-16152	2848	9347	103	1237
a/g:	4	-16492	4648	14451	534	1560
a/g:	1316	-14932	2988	16824	1128	2054
a/g:	188	-14820	3548	15674	1494	2445
a/g:	-44	-14908	5420	14969	2079	3205
a/g:	44	-15104	7300	15947	2573	3342
a/g:	-388	-13920	6636	16294	3354	3405
a/g:	-968	-13416	6880	13221	2725	2885
a/g:	-1212	-13356	8324	9512	2338	2205
a/g:	-500	-13536	9664	11866	3118	3104
a/g:	-1288	-13188	9144	9319	2427	2132
a/g:	-1496	-12872	9968	5332	1057	913
a/g:	-1532	-12596	10792	3975	1063	983
a/g:	-1292	-11988	10796	5584	2346	1329
a/g:	-1728	-11104	9340	4135	674	686
a/g:	-2244	-12296	10924	4031	-211	634
a/g:	-2156	-11508	10576	3317	156	637
a/g:	-1992	-11692	11660	3734	554	667
a/g:	-2048	-11492	11396	3363	693	566
a/g:	-1720	-11160	11328	3508	844	860
a/g:	-2120	-10836	11176	3285	638	685
a/g:	-2300	-10708	11156	2553	484	593
a/g:	-2404	-11124	13020	3966	1479	873
a/g:	-2560	-10608	11788	3050	1100	627
a/g:	-2460	-10268	11484	1615	48	297
a/g:	-2728	-9980	11828	1506	327	254
a/g:	-2644	-10672	13320	1994	539	506
a/g:	-2556	-10252	12000	1875	895	379
a/g:	-2736	-10008	11924	582	138	1
a/g:	-2660	-9940	12244	-18	-133	60
a/g:	-2536	-10184	12564	146	-170	-3
a/g:	-2764	-10224	12592	447	305	132
a/g:	-2444	-10068	12284	147	128	-7
a/g:	-2748	-9968	12224	-51	-56	-39
a/g:	-2568	-10028	12560	-6	-74	-33
a/g:	-2680	-10284	12692	68	29	77
a/g:	-2704	-9908	12032	-298	-272	-16
a/g:	-2644	-10020	12420	-804	-702	-222
a/g:	-2480	-10040	12288	-1186	-777	-296
a/g:	-2900	-10688	13252	-1157	-633	-131
a/g:	-2620	-10204	11600	-3916	-1754	-1064
a/g:	-2388	-10512	11940	-5112	-2617	-1216
a/g:	-1728	-10752	12056	-5366	-2700	-1290
a/g:	-1312	-10488	9616	-8997	-4566	-2196
a/g:	372	-13012	12552	-10966	-6327	-3268
a/g:	-1496	-12868	11748	-10131	-2971	-1712
a/g:	-1164	-12672	10416	-8997	-1521	-1217
a/g:	-832	-12520	8724	-12236	-2228	-1966
a/g:	-764	-13536	9712	-13267	-1753	-1884
a/g:	-620	-13984	8996	-10352	-908	-1363
a/g:	-516	-13328	6716	-16244	-1737	-2363
a/g:	-936	-15940	8660	-13578	-823	-2001
a/g:	-124	-14684	6084	-12366	-521	-1825
a/g:	184	-14952	6540	-10794	-419	-1110
a/g:	-36	-14920	5192	-8966	-384	-1060
a/g:	-568	-15880	4808	-11806	-1154	-1792
a/g:	-92	-15820	4780	-8567	-202	-1267
a/g:	296	-15316	3348	-7997	-266	-1213
a/g:	104	-15524	3220	-6266	-980	-852
a/g:	184	-16292	3416	-6809	-1018	-607
a/g:	96	-16580	3860	-4381	-353	-361
a/g:	400	-15604	2324	-4002	-59	-311
a/g:	332	-15572	1812	-5331	-414	-363
a/g:	288	-16544	2540	-4514	-178	-85
a/g:	176	-15936	1744	-3282	-463	-215
a/g:	184	-16248	1616	-2859	-33	-259
a/g:	624	-16416	2032	-3496	117	-32
a/g:	424	-16904	1644	-1892	162	161
a/g:	560	-15952	1108	-17	236	400
a/g:	136	-15816	804	-1431	180	-85
a/g:	540	-16324	1756	-990	373	182
a/g:	520	-16628	972	195	-74	39
a/g:	360	-16148	804	460	156	105
a/g:	496	-15820	772	320	170	108
a/g:	532	-15936	956	560	-244	85
a/g:	312	-16248	1044	1526	-254	139
a/g:	464	-16368	1452	4171	230	521
a/g:	728	-15936	1216	7102	401	896
a/g:	416	-16044	2020	7759	349	1225
a/g:	36	-16412	3632	11930	580	1748
a/g:	276	-15512	2884	14522	1370	2103
a/g:	-1160	-16624	3884	14064	62	1555
a/g:	364	-15448	4056	14282	643	1548
a/g:	228	-14484	4384	10227	927	1672
a/g:	-504	-14400	6292	10368	888	1813
a/g:	-404	-13988	6604	12076	1707	2103
a/g:	-632	-13552	6040	15823	3269	3178
a/g:	-868	-13780	6720	9306	838	1649
a/g:	-956	-14628	9208	6143	34	909
a/g:	-740	-14588	10100	8981	2372	2208
a/g:	-904	-12768	8680	9661	3570	2597
a/g:	-1520	-12136	8848	4905	992	1098
a/g:	-1828	-12156	9804	4484	709	860
a/g:	-1292	-12388	9932	3010	-323	362
a/g:	-1388	-12412	10272	3895	740	595
a/g:	-1036	-12808	11148	5413	1235	1009
a/g:	-1488	-11468	9884	4192	820	947
a/g:	-2084	-11892	11008	3593	-84	533
a/g:	-2028	-12180	11176	4084	1005	742
a/g:	-1784	-11392	11352	2804	1144	793
a/g:	-2036	-11128	11056	3294	1295	528
a/g:	-2392	-11196	11452	2289	590	522
a/g:	-2036	-11400	11980	2786	1010	862
a/g:	-2144	-10792	11296	3184	937	793
a/g:	-2228	-10832	12004	1945	449	483
a/g:	-2084	-10336	11016	1782	116	407
a/g:	-2016	-10400	11488	815	-707	-46
a/g:	-2356	-11176	12784	1380	-225	195
a/g:	-2252	-10532	11728	922	199	288
a/g:	-2236	-10584	12032	714	299	262
a/g:	-2480	-10388	11708	297	-78	81
a/g:	-2188	-10424	12076	46	-128	59
a/g:	-2028	-10308	11888	-216	5	106
a/g:	-2148	-10548	12372	13	-128	45
a/g:	-2220	-10152	11872	-239	-195	35
a/g:	-2428	-10284	11504	-408	-250	53
a/g:	-2300	-10356	12008	-91	-239	260
a/g:	-2404	-10700	12296	-55	-116	206
a/g:	-1960	-10456	11504	-941	-296	-204
a/g:	-1996	-10404	11668	-1991	-1005	-526
a/g:	-1716	-10504	11780	-3994	-1907	-889
a/g:	-2080	-11356	12600	-2332	-1830	-512
a/g:	-2068	-11368	11300	-3773	-2808	-1150
a/g:	-2856	-9932	8396	-12710	-7257	-3294
a/g:	-1540	-13208	12072	-13189	-3183	-2756
a/g:	-696	-12316	10024	-9786	-452	-1728
a/g:	-1544	-12620	8944	-15736	-3415	-2700
a/g:	-572	-14136	9640	-15776	-2017	-2344
a/g:	-376	-14072	8280	-12742	-448	-1738
a/g:	308	-14312	6612	-11879	-111	-1677
a/g:	-152	-14716	6920	-13070	-531	-2044
a/g:	-356	-14060	6080	-10768	-76	-1579
a/g:	948	-14932	4928	-12283	273	-1458
a/g:	-536	-15540	5256	-10063	-33	-1444
a/g:	512	-14640	4796	-8925	1267	-838
a/g:	-156	-15408	3848	-7209	-110	-628
a/g:	-312	-15416	3960	-7136	-989	-371
a/g:	-112	-15616	2488	-6682	-670	-777
a/g:	584	-15768	2412	-4832	-42	-362
a/g:	-8	-15404	2740	-5149	-610	-494
a/g:	704	-15732	2236	-5159	-580	-666
a/g:	260	-15888	2208	-3468	-298	-356
a/g:	452	-16308	2236	-3930	-469	-323
a/g:	412	-16480	2432	-2081	-86	-193
a/g:	244	-15536	2036	60	315	161
a/g:	316	-15304	704	-1444	-365	-163
a/g:	136	-16252	1964	-2109	-188	-43
a/g:	64	-16160	1640	-45	26	11
a/g:	-164	-15696	1604	-71	-277	127
a/g:	284	-16120	1408	-370	-19	202
a/g:	152	-16216	1492	90	-58	124
a/g:	160	-16028	1504	867	-93	74
a/g:	324	-16280	1764	2080	-418	307
a/g:	356	-16304	2164	3773	110	660
a/g:	112	-16456	2836	4915	287	735
a/g:	-108	-15840	2196	5929	-311	376
a/g:	-364	-16624	3492	8867	-565	347
a/g:	-308	-15336	3500	11456	-446	1103
a/g:	404	-15436	4368	13921	2271	1751
a/g:	496	-15040	3880	14131	2152	2186
a/g:	-544	-15484	4348	10015	329	1581
a/g:	-260	-15220	5876	9139	453	1305
a/g:	-652	-14756	7380	11124	1481	2040
a/g:	-940	-14068	6936	11672	2238	2626
a/g:	-496	-13660	7212	9930	1195	1845
a/g:	-384	-13928	9308	10017	1797	2071
a/g:	-1772	-13068	8044	14014	2789	2934
a/g:	-1600	-12912	9188	9048	1954	1971
a/g:	-936	-13372	10448	5727	686	1083
a/g:	-1840	-12728	10472	5159	735	944
a/g:	-1540	-12192	9960	4761	1433	1310
a/g:	-2356	-11996	10004	2599	548	582
a/g:	-1764	-11836	10472	2550	289	374
a/g:	-1856	-12220	11064	1854	60	420
a/g:	-1728	-12128	11164	2994	1118	900
a/g:	-2132	-11768	11124	1619	308	422
a/g:	-1996	-11672	11040	2063	363	469
a/g:	-2160	-11592	11088	1373	116	356
a/g:	-1808	-11516	11240	946	281	284
a/g:	-1724	-11492	11392	583	304	112
a/g:	-1808	-11264	10936	260	143	79
a/g:	-2016	-11372	11092	360	8	173
a/g:	-1976	-11696	11972	886	114	158
a/g:	-2032	-11424	11124	782	377	165
a/g:	-1880	-11072	11140	345	344	138
a/g:	-1936	-11248	11268	649	8	51
a/g:	-2088	-11304	11532	574	34	131
a/g:	-2168	-11244	11288	871	453	419
a/g:	-1892	-11256	11424	684	298	230
a/g:	-2076	-11164	11464	575	261	215
a/g:	-2136	-11004	11432	755	346	293
a/g:	-1944	-11056	11240	449	163	265
a/g:	-2060	-10956	11368	440	136	137
a/g:	-2272	-11232	11888	641	198	174
a/g:	-1816	-11080	11156	79	-174	138
a/g:	-2372	-11372	12200	492	179	167
a/g:	-2232	-10920	11348	129	159	65
a/g:	-2104	-10816	11788	80	97	105
a/g:	-2212	-10968	11452	-108	-252	-87
a/g:	-2068	-11096	11808	-71	55	21
a/g:	-2044	-10700	11328	-274	-76	-31
a/g:	-2196	-11104	11808	6	-65	17
a/g:	-2124	-11140	11796	-154	-123	-33
a/g:	-1928	-10892	11416	-29	302	85
a/g:	-2236	-10712	11260	-232	-62	97
a/g:	-2020	-11088	11792	-20	-7	41
a/g:	-2080	-11096	11624	-203	-201	-113
a/g:	-2308	-11244	12152	126	-7	51
a/g:	-2128	-10840	11200	-28	-49	0
a/g:	-1924	-10900	11416	-181	-77	-16
a/g:	-1904	-11044	11696	-383	-238	8
a/g:	-1952	-11016	11692	-451	-170	10
a/g:	-2196	-11100	11596	-446	-186	-43
a/g:	-1744	-10732	9988	-2051	-996	-824
a/g:	-2248	-11564	12308	-5973	-2161	-1616
a/g:	-1348	-10972	9800	-6843	-2576	-1685
a/g:	-1268	-12412	11312	-9517	-3566	-1973
a/g:	-1856	-12376	9168	-13929	-4437	-2675
a/g:	-940	-12976	7780	-18871	-4163	-2923
a/g:	-856	-15228	10752	-16862	-1533	-2327
a/g:	-132	-14096	7848	-14410	-338	-1947
a/g:	-804	-14812	6692	-14705	-1040	-2008
a/g:	-632	-15188	5604	-15535	-954	-2216
a/g:	-1144	-15936	6240	-12000	1168	-962
a/g:	-84	-15612	5860	-9581	764	-685
a/g:	888	-15252	4520	-9680	697	-1245
a/g:	-120	-15236	4360	-9591	-467	-870
a/g:	-76	-16192	3976	-9031	-2034	-979
a/g:	-304	-16468	4656	-5348	73	-481
a/g:	116	-16680	2796	-6673	229	-524
a/g:	660	-16240	2724	-6613	-316	-567
a/g:	436	-15268	676	-6244	-1414	-1147
a/g:	-316	-15944	1736	-5830	-770	-779
a/g:	276	-15916	888	-4998	-663	-479
a/g:	188	-16164	1128	-3265	112	209
a/g:	-328	-16288	920	-3372	-483	-319
a/g:	168	-16292	1140	-2547	-409	-423
a/g:	192	-15648	384	-1355	-121	51
a/g:	272	-15860	452	-1428	-434	-208
a/g:	328	-15476	-96	-390	-92	-97
a/g:	384	-15856	160	-519	-124	-31
a/g:	500	-15876	40	-295	-27	-58
a/g:	280	-16436	68	-265	-67	-57
a/g:	148	-16200	368	344	-27	267
a/g:	288	-15952	164	1000	-177	81
a/g:	444	-15760	84	1307	-141	191
a/g:	224	-16300	600	2382	-205	411
a/g:	-76	-16080	1736	4992	-18	955
a/g:	36	-16716	2676	10682	95	1569
a/g:	-124	-15500	1608	12774	779	1665
a/g:	908	-14284	-500	9867	1052	1120
a/g:	-328	-16952	3464	6251	-20	1006
a/g:	-568	-17016	4708	8839	454	1329
a/g:	-252	-16460	5208	14722	1211	2310
a/g:	164	-14404	4000	16759	1560	3036
a/g:	-28	-14096	3920	11979	2514	2405
a/g:	-672	-14964	6124	8962	658	1450
a/g:	-1196	-14888	7352	10258	689	1770
a/g:	-584	-14052	6588	11269	2391	2377
a/g:	-1392	-14168	8980	12587	2409	2801
a/g:	-892	-13472	7936	11586	2812	2656
a/g:	-1556	-13520	8768	10855	2911	2631
a/g:	-1552	-12768	9044	6835	1997	1341
a/g:	-1504	-12836	10504	7038	2183	1406
a/g:	-3276	-12740	10496	6672	2041	1272
a/g:	-1728	-12372	10824	5453	2185	1238
a/g:	-2604	-12092	11040	7001	3715	1608
a/g:	-2828	-10980	10312	5102	2452	1069
a/g:	-3044	-11364	10876	2986	553	569
a/g:	-2748	-11460	11260	5363	1643	876
a/g:	-2776	-11024	11200	5292	1266	911
a/g:	-2744	-10692	11188	2630	649	485
a/g:	-2812	-10404	11520	1492	-334	81
a/g:	-3392	-10768	11944	1673	-828	177
a/g:	-2744	-10900	12280	1749	-36	417
a/g:	-3096	-10636	11852	1777	240	451
a/g:	-2932	-10384	11664	1684	333	317
a/g:	-3056	-10064	11364	398	-150	104
a/g:	-3140	-10208	12040	-536	-921	357
a/g:	-2924	-10508	12136	-291	-533	289
a/g:	-2652	-10512	11892	-1277	-886	-81
a/g:	-2840	-10436	12004	-1900	-1002	-397
a/g:	-3032	-10972	12300	-1276	-844	-364
a/g:	-2180	-10592	11512	-450	289	118
a/g:	-2392	-10216	11264	-678	-36	-36
a/g:	-2832	-10732	11856	-964	-244	-200
a/g:	-2436	-10712	11284	-1925	-859	-599
a/g:	-2700	-10824	11528	-2456	-977	-641
a/g:	-2528	-10712	12092	-1142	-381	-92
a/g:	-2428	-10976	11584	-257	-185	-10
a/g:	-2428	-10956	11544	-339	-239	-152
a/g:	-2576	-10944	11748	-448	-42	-51
a/g:	-2468	-10808	11528	-275	-58	4
a/g:	-2532	-11016	11584	42	55	120
a/g:	-2704	-11060	11516	66	195	118
a/g:	-2548	-10804	11432	-241	174	144
a/g:	-2456	-10832	11436	-134	-129	25
a/g:	-2672	-10928	11264	77	140	145
a/g:	-2588	-11112	12128	-95	-34	19
a/g:	-2544	-10884	11332	-49	268	136
a/g:	-2444	-10812	11564	-198	32	68
a/g:	-2540	-10836	11292	-143	-184	14
a/g:	-2632	-11084	11620	71	6	131
a/g:	-2576	-10992	11628	-97	6	108
a/g:	-2640	-11000	11640	-126	-2	205
a/g:	-2536	-10904	11476	62	137	110
a/g:	-2508	-11232	12240	190	321	185
a/g:	-2588	-10624	11088	-99	49	47
a/g:	-2528	-10832	11484	-134	-48	37
a/g:	-2476	-10892	11508	-293	-345	-130
a/g:	-2492	-11256	12436	-113	312	252
a/g:	-2700	-11040	11636	23	98	39
a/g:	-2668	-10860	11568	-86	102	47
a/g:	-2592	-10772	11328	-85	-76	18
a/g:	-2548	-11024	11540	-132	-157	61
a/g:	-2480	-10956	11564	45	123	91
a/g:	-2464	-11024	11620	-114	63	13
a/g:	-2584	-10868	11472	-134	-74	-3
a/g:	-2680	-10984	11512	-1	-50	-10
a/g:	-2412	-10848	11448	-126	103	58
a/g:	-2316	-10992	12012	84	135	87
a/g:	-2472	-10888	11596	-83	-63	-36
a/g:	-2440	-10944	11664	-92	-1	21
a/g:	-2244	-10880	11420	-298	-69	-3
a/g:	-2648	-11076	11584	-75	-59	2
a/g:	-2620	-11008	11664	-137	11	-11
a/g:	-2180	-10928	11592	-61	86	117
a/g:	-2488	-11012	11648	11	57	125
a/g:	-2544	-10828	11272	-247	71	78
a/g:	-2748	-10820	11408	-290	-192	112
a/g:	-2392	-11048	11612	79	85	37
a/g:	-2332	-11208	11788	-250	134	-24
a/g:	-2452	-10596	11420	-279	213	109
a/g:	-2496	-10956	11604	-23	-96	151
a/g:	-2616	-11172	11672	19	-46	115
a/g:	-2536	-11000	11692	28	278	123
a/g:	-2332	-10832	11660	97	62	61
a/g:	-2624	-11068	11528	85	-47	114
a/g:	-2580	-10880	11204	-59	-51	25
a/g:	-2380	-11020	11612	57	44	4
a/g:	-2416	-10876	11588	-114	-35	54
a/g:	-2540	-10972	11452	-21	-172	-15
a/g:	-2588	-11136	11712	23	-495	-173
a/g:	-2432	-11044	11716	63	114	-52
a/g:	-2432	-10944	11728	-31	-38	30
a/g:	-2716	-11004	11616	-174	-113	7
a/g:	-2700	-11028	11608	-163	-67	10
a/g:	-2488	-10932	11620	-51	50	9
a/g:	-2472	-10900	11416	91	50	112
a/g:	-2444	-10860	11544	103	-48	-25
a/g:	-2372	-10892	11764	-55	-294	-108
a/g:	-2424	-10840	11472	-27	115	96
a/g:	-2480	-10784	11408	-149	-132	-29
a/g:	-2232	-10868	11460	5	-47	65
a/g:	-2452	-11108	12316	-227	-514	92
a/g:	-2764	-10864	11616	-66	-279	-7
a/g:	-2540	-11008	11484	-89	-59	-94
a/g:	-2472	-10968	11496	-568	-322	-214
a/g:	-2388	-10908	11796	-80	-40	-221
a/g:	-1628	-10480	11644	-396	558	-103
a/g:	-2392	-11036	11420	124	-206	-359
a/g:	-2380	-11196	11656	-178	-170	-544
a/g:	-2312	-10808	11524	-346	-107	-594
a/g:	-2452	-10744	11484	-111	-326	-553
a/g:	-2204	-10928	11764	-34	-118	-229
a/g:	-2280	-11380	11836	481	-15	-428
a/g:	-2380	-11064	11600	-135	-211	-751
a/g:	-2268	-10552	11372	2	-438	-576
a/g:	-1844	-10944	11796	246	211	82
a/g:	-1688	-11252	12140	563	496	370
a/g:	-2452	-11172	11740	677	-272	-666
a/g:	-2440	-10848	11144	-125	218	-470
a/g:	-2072	-10640	11400	-752	335	-186
a/g:	-1732	-10736	11908	-38	-300	-506
a/g:	-2260	-11280	11700	131	-484	-580
a/g:	-1992	-10804	11672	116	-104	-51
a/g:	-1980	-10660	11480	392	-117	-81
a/g:	-2256	-10848	11644	508	-559	-320
a/g:	-1824	-10844	11608	261	-111	81
a/g:	-1720	-10632	11836	369	-340	-14
a/g:	-2132	-11172	12012	483	-551	-281
a/g:	-2160	-10940	11480	255	-55	-308
a/g:	-2292	-10684	11664	-258	-183	-126
a/g:	-1808	-10728	11548	-461	-197	67
a/g:	-1864	-10772	11872	-386	-38	289
a/g:	-1872	-10884	11988	-34	-29	390
a/g:	-2088	-10756	11816	117	105	459
a/g:	-2484	-10716	11588	-199	-115	300
a/g:	-1936	-10968	11636	-144	163	289
a/g:	-1616	-10992	11956	-260	193	306
a/g:	-1712	-10780	11692	-11	184	208
a/g:	-2020	-11016	11980	81	93	215
a/g:	-2148	-10720	11624	82	33	123
a/g:	-2164	-10764	11556	-104	20	65
a/g:	-1844	-10796	11768	-179	-83	-4
a/g:	-1908	-10852	11836	23	-85	-27
a/g:	-1872	-10964	11872	72	-46	38
a/g:	-1892	-10828	11744	33	-195	-67
a/g:	-2128	-10824	11868	84	-71	-64
a/g:	-2036	-10896	12040	68	-56	-22
a/g:	-2032	-10836	11660	68	149	55
a/g:	-2212	-10824	11836	59	-32	-9
a/g:	-2088	-10908	11832	-31	54	8
a/g:	-1936	-10896	11956	-24	37	7
a/g:	-1960	-10664	11804	-57	29	73
a/g:	-2040	-10664	11652	-73	-92	183
a/g:	-2012	-10708	11900	-37	-300	155
a/g:	-2000	-10928	11692	-81	-88	202
a/g:	-1956	-10908	11884	-107	-108	129
a/g:	-1864	-10924	11880	-132	11	109
a/g:	-1904	-10948	11796	27	97	126
a/g:	-1908	-10808	11888	-60	-85	67
a/g:	-1996	-10908	11900	-89	-1	94
a/g:	-2032	-10792	11780	-108	8	51
a/g:	-2120	-10588	11512	-140	-49	120
a/g:	-1828	-10804	11732	-126	13	114
a/g:	-1828	-10844	11844	-33	48	50
a/g:	-1948	-10760	11956	-87	17	143
a/g:	-2020	-10988	11876	-62	-37	92
a/g:	-1976	-10928	11816	-197	11	154
a/g:	-2060	-10700	11716	-77	99	160
a/g:	-2152	-10856	11860	-45	-12	152
a/g:	-1824	-10664	11748	-120	18	178
a/g:	-1916	-10956	11812	-80	19	180
a/g:	-1948	-11048	11888	76	168	171
a/g:	-2208	-10732	11668	-46	117	40
a/g:	-2176	-10616	11760	-138	-114	33
a/g:	-1924	-10848	11852	-149	-123	29
a/g:	-1976	-10920	11868	-156	-42	28
a/g:	-2116	-10892	11872	71	103	48
a/g:	-2164	-10800	11764	-37	-24	-30
a/g:	-2136	-10800	11804	-91	-28	-3
a/g:	-1996	-10900	11784	-38	-69	-39
a/g:	-2072	-10876	11948	-59	-56	-87
a/g:	-2052	-10736	11668	-56	10	-32
a/g:	-2044	-10804	11772	-47	-23	36
a/g:	-1840	-11100	12076	-58	-28	-42
a/g:	-1996	-10800	11768	-70	0	-38
a/g:	-2024	-10724	11756	-47	55	12
a/g:	-1792	-10912	11880	-117	-90	-42
a/g:	-1928	-10936	12012	-20	58	21
a/g:	-2236	-10792	11616	65	68	18
a/g:	-2124	-10644	11604	-123	-9	37
a/g:	-1668	-10788	11968	-74	-19	53
a/g:	-2088	-10880	11872	-14	81	29
a/g:	-2056	-10720	11776	17	88	38
a/g:	-1848	-10652	11776	-56	-61	8
a/g:	-1956	-10856	11752	-144	-13	39
a/g:	-1904	-10844	11876	-33	92	63
a/g:	-1972	-10732	11788	-43	-60	-13
a/g:	-1940	-10780	11788	-127	8	91
a/g:	-1772	-10852	11788	-151	-104	68
a/g:	-1936	-11004	11944	39	17	10
a/g:	-1976	-10784	11808	-182	-52	-56
a/g:	-1748	-10804	11800	-58	-51	43
a/g:	-2020	-10820	11756	22	-30	72
a/g:	-1956	-10900	11848	-138	-43	8
a/g:	-1844	-10888	11996	-118	10	28
a/g:	-1860	-10868	11876	13	-1	-54
a/g:	-1976	-10708	11808	-105	-57	-13
a/g:	-2024	-10852	11808	58	-29	100
a/g:	-1988	-10772	11648	-4	-61	3
a/g:	-1936	-10928	11940	-50	24	34
