-4812	-11508	11960	
-5416	-11660	11908	
-4096	-10928	11732	
-5324	-11684	11708	
-4160	-11240	11908	
-3904	-11176	11556	
-3360	-10836	11260	
-4420	-11128	11360	
-4420	-11040	11628	
-4520	-11100	11772	
-5180	-11376	11536	
-4340	-10892	11208	
-5324	-11116	11020	
-5540	-10928	11052	
-5692	-11240	11220	
-4920	-10916	10616	
-5184	-10740	10788	
-5188	-10960	10972	
-5852	-11080	11444	
-7188	-11560	12260	
-6124	-11604	12316	
-4340	-10540	11404	
-6084	-11496	11420	
-5688	-11380	12152	
-4792	-11192	12352	
-3808	-10844	12016	
-3200	-10692	11688	
-1940	-10308	11132	
-3280	-10644	11372	
-3376	-10672	11804	
-3820	-10892	11820	
-4284	-10768	11620	
-4304	-11000	11484	
-4256	-10868	11444	
-4076	-10728	11080	
-4228	-10592	11072	
-4292	-10544	11036	
-4400	-10528	10904	
-4768	-10616	10892	
-4844	-10564	10844	
-4984	-10628	10824	
-5040	-10684	10740	
-4908	-10592	10720	
-4940	-10528	10692	
-4952	-10516	10868	
-4692	-10588	10860	
-4784	-10720	10980	
-5040	-10804	10940	
-5100	-10896	11236	
-5296	-10804	11280	
-5320	-10948	11336	
-5316	-10868	11412	
-5348	-10972	11476	
-5372	-10940	11696	
-5256	-10972	11656	
-5184	-11012	11692	
-5068	-10908	11728	
-4832	-10840	11588	
-4816	-10828	11728	
-4704	-10796	11660	
-4996	-10820	11564	
-4924	-10972	11704	
-4788	-10640	11416	
-4864	-10508	11296	
-4736	-10564	11352	
-4872	-10440	11276	
-4776	-10448	11032	
-4876	-10292	10972	
-4800	-10424	10916	
-4796	-10444	11052	
-4744	-10496	11012	
-5008	-10480	11072	
-5096	-10404	11268	
-5004	-10564	11228	
-5284	-10584	11140	
-5184	-10464	11292	
-5220	-10540	11340	
-5096	-10580	11468	
-5064	-10636	11496	
-4932	-10636	11504	
-4840	-10672	11496	
-4724	-10604	11708	
-4704	-10664	11848	
-4860	-10792	11816	
-4804	-10800	11884	
-4892	-10788	11988	
-4728	-10756	11840	
-4756	-10844	11732	
-4680	-10776	11768	
-4728	-10732	11800	
-4660	-10800	11924	
-4724	-10872	11904	
-4776	-10868	12052	
-4968	-10940	12104	
-4948	-10876	12204	
-4996	-10900	12164	
-4904	-10972	12044	
-4692	-10900	12120	
-4852	-10856	12204	
-4872	-10756	12212	
-4896	-10880	12140	
-4916	-10824	12040	
-5004	-10756	11820	
-4980	-10804	12004	
-5120	-10828	12060	
-5128	-10836	12136	
-5144	-10824	12092	
-5096	-10756	12104	
-5024	-10772	11960	
-5156	-10748	11964	
-5148	-10680	12000	
-5116	-10716	11856	
-5116	-10648	11672	
-5176	-10636	11728	
-5140	-10700	11572	
-5252	-10688	11552	
-5300	-10732	11524	
-5344	-10752	11712	
-5476	-10784	11836	
-5520	-10716	11632	
-5552	-10696	11592	
-5480	-10752	11604	
-5560	-10688	11564	
-5476	-10680	11692	
-5384	-10704	11540	
-5384	-10608	11576	
-5232	-10608	11424	
-5072	-10540	11488	
-5008	-10544	11312	
-4964	-10504	11572	
-4864	-10512	11416	
-4828	-10520	11396	
-4964	-10524	11276	
-4892	-10468	11292	
-5072	-10548	11656	
-5116	-10708	11584	
-5208	-10560	11568	
-5184	-10772	11684	
-5176	-10668	11804	
-5244	-10804	11816	
-5292	-10612	11904	
-5328	-10712	11880	
-5244	-10796	12020	
-5192	-10844	11972	
-5144	-10820	11972	
-5060	-10688	11868	
-5000	-10744	11848	
-5036	-10808	11948	
-5024	-10728	11896	
-5008	-10692	11852	
-5020	-10620	11816	
-4904	-10720	11688	
-4888	-10512	11576	
-5004	-10580	11720	
-4916	-10592	11692	
-4932	-10500	11616	
-4736	-10496	11648	
-4748	-10556	11580	
-4780	-10384	11488	
-4676	-10368	11364	
-4744	-10444	11544	
-4904	-10532	11672	
-4648	-10704	11864	
-4452	-10336	11564	
-4484	-10460	11592	
-5252	-10468	12128	
-4980	-11256	12404	
-4520	-10416	12092	
-5060	-10520	11828	
-5276	-10984	11844	
-5236	-10632	11776	
-5052	-10736	11724	
-4760	-10588	11672	
-4564	-10572	11608	
-4788	-10632	11672	
-4820	-10776	11800	
-4524	-10584	11672	
-4604	-10560	11976	
-4776	-10636	11760	
-4644	-10612	11776	
-4680	-10584	11740	
-4692	-10520	11600	
-4572	-10632	11600	
-4660	-10676	11688	
-4648	-10716	11764	
-4696	-10676	11664	
-4760	-10572	11420	
-4808	-10576	11528	
-4808	-10572	11564	
-4820	-10592	11480	
-4804	-10548	11288	
-4860	-10528	11388	
-4948	-10712	11356	
-5032	-10728	11280	
-5012	-10656	11516	
-5004	-10608	11536	
-5000	-10648	11628	
-4972	-10756	11648	
-4952	-10668	11676	
-4880	-10696	11756	
-4936	-10804	11792	
-4916	-10824	11800	
-5004	-10788	11820	
-5008	-10688	11836	
-4988	-10704	11652	
-4964	-10648	11724	
-5068	-10784	11672	
-4780	-10704	11668	
-4920	-10708	11560	
-5004	-10692	11492	
-5060	-10612	11456	
-5060	-10728	11468	
-4924	-10716	11408	
-4816	-10708	11608	
-4812	-10660	11528	
-4900	-10732	11472	
-4812	-10760	11448	
-4892	-10684	11568	
-4824	-10788	11600	
-4836	-10784	11600	
-4900	-10888	11672	
-4968	-10880	11924	
-4944	-10928	11904	
-5008	-10848	12040	
-4896	-10848	12008	
-4928	-10920	11940	
-4876	-10996	11924	
-4956	-11000	12024	
-4832	-10920	12052	
-4884	-11100	12068	
-4948	-11084	12152	
-4788	-11044	12264	
-4760	-10976	12052	
-4584	-10832	11776	
-4484	-10764	11664	
-4392	-10664	11564	
-4280	-10648	11292	
-4128	-10648	11460	
-4232	-10608	11424	
-4364	-10604	11488	
-4448	-10604	11548	
-4536	-10732	11736	
-4560	-10724	11772	
-4604	-10900	11716	
-4592	-10872	11656	
-4596	-10952	11876	
-4760	-10932	11952	
-4964	-11024	11960	
-4832	-10948	11768	
-4980	-11112	11804	
-5056	-11112	11744	
-5204	-11056	11640	
-5364	-11092	11312	
-5444	-11068	11052	
-5568	-11076	11048	
-5512	-10968	10948	
-5292	-10920	10648	
-5252	-10784	10700	
-4964	-10872	10732	
-4768	-10916	10592	
-4572	-10828	10748	
-4496	-10852	10976	
-4516	-10812	11236	
-4576	-10912	11512	
-4744	-11028	11448	
-4872	-11092	11572	
-4928	-11032	11616	
-5036	-11236	11752	
-5108	-11292	11768	
-4804	-11296	11616	
-5388	-11224	11920	
-4632	-11464	12144	
-5160	-11644	12252	
-4716	-11744	12316	
-5028	-11460	12040	
-4892	-11400	11660	
-4740	-11340	11948	
-4712	-11440	11936	
-4716	-11460	12128	
-4856	-11372	11864	
-4812	-11384	11548	
-4908	-11300	11624	
-4672	-11252	11480	
-4456	-11284	11524	
-4560	-11176	11424	
-4240	-10900	11224	
-4492	-10828	11280	
-4308	-11108	11372	
-4044	-11156	11108	
-4164	-10888	10800	
-4264	-10692	10632	
-4112	-11008	10908	
-4040	-11048	11168	
-4148	-10984	10932	
-4436	-10836	11004	
-4548	-10944	10908	
-4592	-10952	11092	
-4520	-11032	11184	
-4452	-11016	11240	
-4536	-11084	11216	
-4528	-11008	11232	
-4496	-11108	11056	
-4532	-11200	11184	
-4628	-11140	11020	
-4564	-11140	11088	
-4688	-11204	11312	
-4628	-11176	11380	
-4632	-11256	11384	
-4644	-11340	11580	
-4724	-11376	11752	
-4616	-11324	11808	
-4600	-11248	11584	
-4652	-11256	11676	
-4664	-11116	11496	
-4616	-11188	11520	
-4636	-11160	11472	
-4512	-11240	11488	
-4676	-11236	11600	
-4492	-11256	11472	
-4664	-11232	11452	
-4500	-11276	11356	
-4384	-11364	11560	
-4344	-11296	11424	
-4448	-11188	11588	
-4372	-11288	11476	
-4376	-11380	11264	
-4396	-11204	11188	
-4408	-11108	11280	
-4488	-11076	11160	
-4392	-11084	11012	
-4440	-10924	10896	
-4464	-11056	11020	
-4464	-10920	10988	
-4520	-10988	10892	
-4532	-11032	11032	
-4600	-10984	11124	
-4572	-11120	11092	
-4612	-11016	11196	
-4688	-11008	11140	
-4656	-11052	11220	
-4756	-11028	11180	
-4740	-10976	11200	
-4572	-11068	11328	
-4636	-11144	11468	
-4812	-11140	11400	
-4776	-11200	11340	
-4672	-11092	11380	
-4764	-11244	11460	
-4664	-11236	11384	
-4716	-11212	11348	
-4636	-11148	11376	
-4768	-11096	11356	
-4528	-11028	11060	
-4552	-11128	11088	
-4512	-11148	11176	
-4600	-11008	11136	
-4672	-10972	11288	
-4564	-11092	11168	
-4820	-11108	11120	
-4788	-11220	11208	
-4996	-11200	11132	
-5004	-11232	11208	
-5080	-11268	11216	
-5056	-11196	11192	
-5108	-11144	11068	
-4952	-11240	11152	
-4848	-11208	11128	
-4896	-11236	11208	
-4712	-11116	11172	
-4660	-11156	11356	
-4584	-11136	11240	
-4548	-11164	11188	
-4556	-11140	11136	
-4580	-11056	11004	
-4556	-11044	11092	
-4480	-11016	11100	
-4528	-11016	11036	
-4508	-11012	11240	
-4312	-10972	11196	
-4416	-10984	11236	
-4348	-11032	11316	
-4436	-11088	11460	
-4440	-11108	11400	
-4428	-11024	11292	
-4344	-11196	11324	
-4344	-11208	11472	
-4384	-11204	11548	
-4412	-11256	11464	
-4488	-11196	11428	
-4376	-11176	11304	
-4396	-11156	11440	
-4532	-11060	11296	
-4408	-11156	11312	
-4468	-11188	11396	
-4508	-11116	11240	
-4484	-11160	11272	
-4304	-11100	11052	
-4488	-11040	11224	
-4424	-10992	11080	
-4440	-11116	11140	
-4428	-11140	11332	
-4408	-11216	11312	
-4476	-11144	11296	
-4392	-11116	11304	
-4416	-11240	11348	
-4368	-11256	11272	
-4268	-11244	11308	
-4388	-11288	11428	
-4396	-11384	11360	
-4280	-11296	11236	
-4244	-11352	11244	
-4248	-11220	11372	
-4360	-11080	11208	
-4280	-11528	11268	
-4492	-11412	11288	
-4728	-11528	11116	
-4720	-11412	10936	
-4984	-11508	10888	
-4976	-11304	10748	
-5164	-11568	11052	
-5004	-11812	11140	
-5092	-11588	10864	
-4892	-11456	10836	
-4780	-11412	10836	
-4676	-11516	10908	
-4476	-11476	10912	
-4436	-11368	10724	
-1924	-11996	9504	
-1996	-10184	8156	
-1228	-10032	8992	
-3592	-10832	9792	
-2720	-10856	10544	
-2576	-10920	10980	
-4592	-11436	11068	
-3740	-11476	11284	
-4744	-12028	11584	
-4720	-12016	11824	
-5200	-11960	11396	
-6480	-12320	11516	
-5388	-12012	11056	
-6848	-12304	11172	
-3284	-11556	10272	
-5000	-11420	9412	
-6952	-11624	9956	
-5560	-11864	10272	
-3932	-11712	9984	
-4424	-11352	9592	
-5544	-11680	9828	
-5704	-11972	10084	
-3628	-11480	9896	
-3836	-11704	9876	
-5580	-11712	9984	
-5156	-12212	10580	
-4816	-11904	10812	
-4656	-12080	10932	
-5512	-12308	11172	
-3896	-12084	11352	
-5624	-12728	11712	
-4220	-12156	11596	
-5064	-12656	11652	
-4800	-12436	11600	
-4344	-12436	11532	
-4332	-12308	11400	
-4656	-12572	11416	
-4312	-12420	11416	
-4216	-12384	11104	
-4080	-12280	10992	
-4736	-12336	11044	
-5272	-12500	11312	
-4196	-12516	11136	
-4300	-12520	11112	
-4664	-12412	10708	
-4704	-12348	10488	
-4652	-12500	10636	
-4876	-12520	10820	
-4740	-12436	10784	
-4880	-12568	10832	
-4660	-12640	10960	
-4840	-12748	10948	
-4720	-12696	10964	
-4608	-12680	10956	
-4580	-12544	10832	
-4724	-12660	11056	
-4524	-12672	11008	
-4744	-12564	10792	
-4524	-12496	10588	
-4476	-12592	10236	
-4472	-12344	10300	
-4580	-12260	10148	
-4512	-12200	10084	
-4392	-12152	9932	
-4376	-12072	9888	
-4408	-11996	9556	
-4224	-11920	9388	
-4332	-11796	9208	
-4352	-11784	9092	
-4224	-11788	9260	
-4160	-11720	9196	
-4160	-11836	9244	
-4052	-11916	9404	
-4268	-11916	9456	
-4436	-12076	9760	
-4148	-12012	9804	
-4236	-11952	9580	
-4408	-12048	9572	
-4068	-12132	9728	
-4096	-12104	9756	
-4160	-12212	10120	
-4264	-12320	10332	
-4088	-12224	10080	
-4272	-12236	10000	
-4352	-12100	9832	
-4312	-12200	9972	
-4464	-12248	9792	
-4768	-12180	9472	
-4740	-12140	9136	
-3460	-11600	8064	
-4788	-11740	7808	
-4212	-11516	8264	
-4668	-11920	8492	
-4384	-11904	8672	
-4364	-11808	8664	
-4328	-11956	8728	
-4100	-12192	8912	
-4692	-11992	9240	
-5068	-12792	9588	
-4596	-12508	9720	
-3860	-12556	9292	
-4176	-12496	9184	
-4584	-12468	9352	
-4252	-12392	9516	
-3968	-12616	9540	
-3120	-12328	8976	
-4504	-12468	9268	
-4108	-12820	9300	
-3212	-12652	9296	
-3108	-12384	8836	
-3176	-12264	8256	
-4608	-12656	8760	
-3076	-12620	8764	
-2924	-12556	8584	
-3972	-12604	8420	
-3000	-12480	7964	
-3648	-12704	7992	
-3360	-12500	7824	
-3664	-13064	7960	
-3380	-12776	7944	
-3968	-12940	8060	
-4408	-13396	8428	
-3028	-13308	8516	
-4048	-13584	8876	
-3808	-13732	9172	
-4476	-13724	9568	
-3848	-14040	9620	
-3452	-13756	9664	
-3496	-14444	9416	
-3964	-14056	9848	
-4032	-14716	10232	
-2724	-14260	9884	
-4072	-14708	10260	
-3420	-14216	10224	
-4984	-14876	10608	
-3248	-14376	10468	
-3900	-14600	10076	
-4604	-14544	9988	
-4412	-14304	9652	
-3476	-14316	9212	
-3880	-14000	9276	
-5364	-14696	9448	
-4616	-14556	9168	
-5964	-15088	9612	
-3768	-14552	8572	
-4276	-14336	8004	
-5092	-14716	7692	
-4844	-14620	7560	
-5068	-14332	7348	
-5168	-14068	7136	
-1640	-13468	5388	
-2004	-12608	4648	
-2944	-13192	4996	
-3536	-13256	5736	
-2540	-13416	5852	
-2924	-13160	6116	
-4240	-13468	5880	
-4212	-13832	5764	
-4648	-14100	6080	
-4560	-14836	6436	
-4532	-14312	6460	
-4480	-14536	6572	
-5060	-14760	6796	
-4884	-15040	7068	
-5340	-15340	7652	
-3676	-14960	7512	
-4928	-14864	7988	
-4520	-15372	7880	
-4248	-15300	7832	
-3988	-14980	7928	
-4852	-15272	7920	
-4072	-15028	7600	
-3648	-14776	7016	
-3888	-14808	6456	
-4408	-14704	5948	
-4364	-14432	5672	
-3764	-14496	5148	
-3432	-14672	4832	
-3720	-14880	4432	
-2944	-14376	4012	
-3048	-14324	3552	
-2932	-14316	3032	
-2208	-14024	2788	
-1656	-14296	2400	
-1796	-14500	3744	
-2184	-14556	4044	
-1412	-14872	3656	
-2004	-14828	4016	
-2456	-15260	4424	
-3512	-15648	4880	
-2820	-15960	5440	
-1964	-16088	5280	
-4760	-16236	5972	
-3632	-16404	6088	
-3444	-16192	6168	
-3184	-16112	5856	
-4192	-16576	5960	
-3016	-16500	6036	
-2508	-16376	6208	
-3352	-16248	5676	
-3968	-15996	5572	
-3368	-15932	5480	
-2664	-16348	5348	
-2308	-16364	5136	
-2188	-15708	4608	
-2268	-15248	4140	
-3544	-15708	4076	
-1696	-15544	3976	
-1968	-15712	3600	
-3344	-15864	3336	
-1844	-15848	2640	
-2080	-16060	2504	
-1280	-15588	1952	
-3404	-15544	2504	
-3996	-16308	2592	
-1764	-15876	2372	
-1296	-15828	2084	
-3244	-16380	2512	
-2388	-15700	2080	
-2560	-16476	2376	
-1544	-16332	2144	
-2812	-16508	2424	
-3116	-16652	2340	
-2480	-16668	2232	
-2652	-16820	1632	
-3952	-17028	1636	
-2072	-16720	1256	
-2956	-17164	1272	
-2636	-17360	1020	
-3164	-17228	940	
-2532	-17076	1004	
-4344	-16940	728	
-3776	-17108	936	
-3564	-17088	712	
-3784	-16484	620	
-3452	-16868	848	
-3360	-16992	1072	
-3320	-16600	1128	
-4692	-16648	1492	
-3268	-16240	1068	
-3420	-16560	1024	
-3708	-16836	1016	
-4412	-16836	1604	
-4508	-16692	1508	
-4040	-16224	1044	
-2928	-15844	416	
-3976	-15880	-32	
-3204	-15308	-696	
-1884	-14896	-1328	
-3128	-15008	-1196	
-2708	-14488	-1580	
-900	-14336	-1616	
-1748	-15036	-1340	
-2260	-14836	-1176	
-2300	-14972	-780	
-2452	-15260	-712	
-2452	-15560	-588	
-2196	-15860	-168	
-2052	-15776	-376	
-2460	-15860	-532	
-3104	-15824	-532	
-3044	-15536	-816	
-1888	-14860	-1796	
-3488	-15780	-1160	
-3376	-15164	-1052	
-2540	-15288	-960	
-2064	-16192	-216	
-2976	-15868	-380	
-3484	-15924	-552	
-2928	-16108	-272	
-2700	-16360	-404	
-3716	-16316	-656	
-3712	-16196	-1456	
-2724	-16256	-1888	
-1620	-16312	-2116	
-1740	-16132	-2288	
-1864	-16120	-2400	
-2276	-16364	-2488	
-2528	-16692	-2160	
-2452	-16848	-1716	
-2940	-17248	-1428	
-2964	-17060	-1508	
-3024	-16888	-1752	
-3216	-16960	-1804	
-2928	-16116	-2460	
-3056	-16124	-2876	
-2788	-16060	-3072	
-1536	-15568	-3460	
-1612	-15464	-3564	
-1764	-15240	-3860	
-992	-14948	-4172	
-1080	-14456	-4336	
-2380	-14640	-4084	
-2556	-15104	-3052	
-2248	-15148	-2828	
-2740	-15228	-2464	
-2376	-15160	-2840	
-2228	-15148	-2688	
-2216	-15160	-3008	
-2780	-14920	-3184	
-2076	-14864	-2860	
-2128	-14376	-3504	
-2828	-14616	-3748	
-2468	-15156	-3180	
-2072	-15152	-3228	
-2052	-15320	-2704	
-1396	-15320	-3012	
-1948	-15240	-3164	
-1716	-15496	-2700	
-1376	-15256	-3012	
-2076	-15212	-2756	
-3196	-15104	-2964	
-3032	-15052	-3528	
-2532	-15296	-3460	
-1316	-15356	-3704	
-2240	-15336	-3924	
-2140	-15100	-4156	
-2000	-15008	-4852	
-2664	-15836	-3776	
-1964	-15436	-3860	
-1860	-15796	-3596	
-1524	-16084	-3416	
-2072	-16136	-3528	
-2168	-16000	-3624	
-1848	-16128	-3924	
-1604	-15992	-4004	
-1912	-16284	-3836	
-2584	-16520	-3836	
-2228	-16276	-3768	
-1804	-16080	-3832	
-2260	-15492	-4684	
-2228	-15476	-4308	
-1760	-15520	-4272	
-2452	-15336	-4664	
-2024	-15648	-4216	
-1716	-15616	-4056	
-1856	-15720	-4188	
-1452	-15852	-4084	
-1492	-15944	-3952	
-1688	-15956	-4008	
-1920	-15804	-3860	
-1636	-15680	-4244	
-1928	-15376	-4416	
-1816	-15148	-5004	
-2084	-15132	-4964	
-1736	-14904	-5288	
-1692	-14824	-4976	
-2132	-14588	-5236	
-1908	-14536	-5284	
-1860	-14864	-4788	
-1604	-15132	-4796	
-1316	-15268	-4552	
-1120	-15356	-4408	
-1252	-15536	-4128	
-1136	-15284	-4416	
-768	-14992	-4824	
-996	-15024	-5164	
-988	-14760	-5188	
-1196	-14668	-5348	
-1480	-14780	-5380	
-2140	-15048	-5060	
-2020	-15204	-4988	
-1408	-15208	-4792	
-1596	-15508	-4444	
-1660	-15372	-4820	
-1412	-14936	-5268	
-1012	-14812	-5512	
-328	-14528	-5700	
-940	-14504	-5976	
-840	-14260	-6104	
-676	-14224	-6164	
-528	-14200	-6244	
-520	-14468	-6244	
-916	-14944	-5472	
-1728	-15184	-5024	
-1392	-15592	-4892	
-952	-15792	-5004	
-1060	-16240	-4988	
-1496	-16136	-4816	
-1424	-15744	-4864	
-1640	-15608	-4852	
-1736	-15348	-4772	
-2416	-15612	-4604	
-2320	-15780	-4564	
-1864	-15800	-4748	
-960	-15572	-4888	
-1100	-15480	-4504	
-1276	-15516	-4664	
-1384	-15404	-4856	
-1412	-15608	-4592	
-1524	-15460	-5000	
-1432	-15736	-4612	
-1300	-15704	-4792	
-1772	-15440	-4888	
-1748	-15136	-4884	
-1948	-15172	-5080	
-1892	-14996	-5100	
-1772	-15180	-4916	
-1444	-15128	-4964	
-1044	-14980	-5444	
-920	-15124	-5388	
-696	-14800	-5768	
-636	-14680	-5896	
-732	-14428	-6056	
-804	-14312	-6132	
-1044	-14444	-5860	
-1328	-14700	-5812	
-1556	-14644	-5444	
-1400	-14692	-5208	
-1528	-14688	-5268	
-1708	-14756	-5360	
-1632	-14652	-5384	
-1980	-14524	-5284	
-1944	-14528	-5272	
-1316	-14312	-5836	
-1372	-14696	-5300	
-1304	-14824	-5280	
-1084	-14772	-5456	
-1132	-15044	-5312	
-1336	-14976	-5564	
-1380	-14940	-5568	
-1888	-15024	-5352	
-1984	-14956	-5336	
-1808	-14928	-5632	
-1836	-15060	-5576	
-1704	-15068	-5604	
-1680	-15120	-5544	
-1596	-15152	-5732	
-1408	-15016	-5624	
-1364	-15028	-5708	
-1276	-15020	-5844	
-1280	-15016	-5672	
-1304	-15028	-5836	
-1352	-15188	-5776	
-1328	-15248	-5556	
-1360	-15344	-5480	
-1376	-15328	-5492	
-1336	-15388	-5660	
-1448	-15400	-5624	
-1308	-15408	-5548	
-1256	-15400	-5432	
-1256	-15404	-5532	
-1336	-15336	-5512	
-1272	-15392	-5556	
-1296	-15200	-5668	
-1224	-15120	-5664	
-1248	-14816	-5692	
-1228	-14928	-5584	
-1284	-14988	-5640	
-1212	-15004	-5408	
-1360	-15176	-5492	
-1292	-15296	-5312	
-1368	-15280	-5232	
-1484	-15452	-5412	
-1676	-15456	-5188	
-1632	-15492	-5308	
-1568	-15584	-5212	
-1704	-15716	-5216	
-1520	-15544	-5252	
-1528	-15576	-5160	
-1496	-15564	-5124	
-1596	-15560	-4940	
-1608	-15500	-4928	
-1740	-15516	-5048	
-1588	-15504	-5000	
-1748	-15388	-4912	
-1772	-15464	-4800	
-1728	-15532	-4416	
-1736	-15616	-4392	
-1684	-15572	-4348	
-1940	-15624	-4080	
-1900	-15608	-3952	
-2184	-15660	-3764	
-2232	-15680	-3516	
-2560	-15696	-3432	
-2596	-15856	-3248	
-2812	-15936	-3216	
-2376	-15436	-3524	
-2836	-16052	-3612	
-2916	-16148	-2848	
-2984	-15384	-4328	
-2172	-15084	-6504	
-2604	-14236	-6692	
-2348	-15560	-2568	
-2952	-14656	-3484	
-2940	-14320	-4416	
-2848	-13976	-6572	
-1868	-14608	-6144	
-1864	-15440	-3812	
-1264	-15596	-2700	
-1888	-16164	-1944	
-1884	-16548	-1644	
-2056	-16804	-1948	
-1500	-17084	-1788	
-1284	-17284	-1848	
-1612	-17220	-1952	
-2040	-16924	-2428	
-2176	-16296	-3088	
-2140	-16088	-3364	
-1804	-15804	-3864	
-1736	-15592	-3836	
-2040	-15384	-3692	
-2260	-15388	-3272	
-2500	-15372	-2952	
-2904	-15636	-2380	
-3112	-15488	-2168	
-3292	-15788	-1812	
-3192	-15752	-1732	
-3064	-15840	-1692	
-3160	-15924	-1580	
-2944	-15964	-1616	
-2764	-16152	-1456	
-2116	-16092	-1404	
-1964	-16512	-1632	
-1904	-16344	-1444	
-2212	-16620	-1228	
-2260	-16384	-1468	
-2188	-16400	-1448	
-2028	-16952	-1136	
-1552	-16816	-1024	
-2108	-16520	-1164	
-2152	-16504	-944	
-1592	-16324	-1024	
-2180	-16296	-676	
-2880	-16600	-52	
-2824	-15896	-4	
-3208	-16232	-80	
-3964	-16424	176	
-3892	-16276	-144	
-3724	-16436	-176	
-3672	-16560	-172	
-3044	-16632	-316	
-2756	-16848	-672	
-2304	-16764	-696	
-1768	-17116	-980	
-1648	-17056	-824	
-2240	-17508	-8	
-376	-16096	-1024	
-1872	-17528	-600	
-1924	-17364	-388	
-2104	-17068	-224	
-1136	-16612	-304	
-1344	-17052	96	
-1172	-16700	136	
-1420	-16432	88	
-916	-16308	176	
-1404	-15560	212	
-992	-15292	-60	
-1312	-15544	-256	
-1540	-15292	-504	
-1612	-14924	-616	
-2084	-14940	-584	
-2168	-14700	-672	
-1904	-14468	-1136	
-2424	-13752	-868	
-3088	-15268	-932	
-2952	-14080	-980	
-2940	-14476	-712	
-2860	-14608	-204	
-3012	-14812	24	
-3292	-14844	708	
-3132	-15152	1328	
-2964	-15056	1444	
-2984	-15480	1908	
-3096	-15788	2416	
-3084	-15768	3044	
-3308	-15852	3696	
-3424	-16072	4384	
-3256	-15848	4528	
-3492	-16544	4880	
-3628	-16356	4904	
-3272	-16216	5020	
-3388	-16556	4748	
-3364	-16388	4604	
-2944	-16256	4548	
-3676	-16484	4764	
-3552	-16016	4776	
-3596	-16416	4760	
-3608	-16364	4800	
-3288	-16388	4896	
-3680	-16292	5328	
-4268	-15536	5836	
-4212	-15336	6144	
-4412	-15328	6364	
-4656	-15148	6244	
-2356	-14240	4812	
-5384	-15668	5148	
-5408	-15324	5180	
-4216	-15364	5004	
-3684	-15092	4740	
-3976	-15436	4372	
-3436	-15552	4216	
-3284	-15652	4468	
-2564	-15688	4716	
-2624	-15852	4824	
-2320	-15296	4760	
-2392	-15688	5040	
-2368	-15684	5364	
-2008	-15132	5784	
-2172	-15232	6076	
-2432	-15216	6036	
-1728	-14964	5632	
-2096	-14972	5360	
-2456	-14692	5492	
-2628	-14460	5288	
-2340	-14448	5316	
-2276	-14468	5412	
-3228	-14136	5608	
-3228	-14172	5660	
-2908	-13920	6036	
-4016	-14564	6440	
-2824	-13628	6168	
-3256	-13908	6116	
-3724	-14000	6228	
-4296	-14360	6368	
-3404	-13996	6456	
-3692	-14208	6532	
-4128	-14176	6828	
-3800	-14416	7016	
-4108	-14080	7352	
-4256	-14192	7484	
-3716	-13988	7364	
-3924	-13880	7348	
-3248	-13352	7184	
-3912	-13604	7528	
-4280	-13660	7540	
-4416	-13716	8088	
-3032	-13356	8220	
-2704	-13420	7688	
-3188	-13560	7720	
-3400	-13588	7748	
-3084	-13868	7708	
-3244	-13372	7852	
-4036	-13468	7764	
-4720	-13688	7952	
-4148	-13616	7916	
-4232	-13960	7792	
-5424	-13828	8488	
-5040	-13636	8324	
-6088	-14200	8740	
-5568	-14040	8480	
-5760	-13540	8124	
-5940	-13788	7604	
-4892	-13440	7284	
-5724	-13708	7588	
-5348	-13260	7636	
-5992	-13980	8208	
-5128	-13616	8324	
-4720	-13152	8340	
-4192	-12688	8152	
-4736	-13148	8628	
-4812	-12996	8868	
-4948	-12768	8908	
-4428	-12992	8888	
-4368	-13156	8692	
-2640	-12160	8124	
-4484	-13132	8368	
-3476	-12520	7940	
-3952	-12876	8028	
-2968	-12072	7784	
-3392	-12364	7964	
-3380	-12500	8272	
-3128	-12292	8348	
-3024	-12176	8428	
-3548	-12292	8532	
-3972	-12428	8964	
-4300	-12576	9540	
-4376	-12460	9808	
-4588	-12608	9976	
-4580	-12760	10080	
-5180	-12688	10380	
-3092	-12092	10068	
-3784	-12096	9588	
-4268	-12168	9224	
-3640	-11844	9136	
-3692	-11856	9076	
-3668	-12044	9228	
-3648	-11964	9032	
-3860	-11912	9068	
-3936	-12024	8992	
-4072	-11960	9092	
-4204	-11992	9284	
-4580	-12044	9312	
-4620	-12156	9612	
-4716	-12388	9668	
-4888	-12216	9748	
-5276	-12084	10120	
-5156	-12284	10296	
-5024	-12252	10296	
-4952	-12132	10396	
-4768	-12172	10356	
-4288	-12176	10212	
-4332	-12184	10256	
-4360	-12176	10064	
-4500	-12088	10256	
-4536	-12208	10424	
-4624	-12212	10456	
-4688	-12204	10496	
-4852	-12248	10608	
-4772	-12276	10532	
-4836	-12404	10688	
-4996	-12432	10840	
-5060	-12440	11008	
-5300	-12272	10988	
-5340	-12328	10956	
-5212	-12368	11004	
-5288	-12332	11168	
-5180	-12312	10944	
-5340	-12224	11020	
-5264	-12264	10824	
-5028	-12100	10664	
-4952	-11992	10376	
-4900	-12008	10392	
-5116	-11984	10460	
-5152	-11928	10148	
-5056	-11876	10044	
-4972	-11832	10144	
-4844	-11740	10084	
-5032	-11696	9968	
-5000	-11640	9964	
-4956	-11720	9968	
-4972	-11764	10084	
-4940	-11740	10052	
-4916	-11848	9988	
-4996	-11824	10064	
-5048	-11776	10172	
-5096	-11700	10180	
-5208	-11712	10196	
-5180	-11832	10472	
-5096	-11828	10580	
-5108	-11876	10616	
-5128	-11948	10660	
-5128	-11884	10732	
-5060	-11816	11040	
-5088	-11988	10944	
-5060	-11940	10992	
-5020	-11956	11020	
-4944	-11948	11172	
-5040	-12044	11244	
-5024	-11860	11176	
-4904	-11912	10940	
-5060	-11740	10936	
-4992	-11744	10912	
-5072	-11700	10816	
-5012	-11724	10780	
-4972	-11692	10720	
-5060	-11612	10660	
-4932	-11572	10780	
-4988	-11516	10412	
-5192	-11712	10744	
-4672	-11228	10364	
-4872	-11764	10484	
-5520	-11024	10184	
-5316	-11420	10308	
-5636	-10948	10424	
-5408	-11112	10368	
-5068	-11348	10604	
-4960	-11368	10620	
-5280	-11280	10456	
-5376	-11280	10456	
-4836	-11472	10400	
-5124	-11392	10432	
-5516	-11252	10616	
-5032	-11500	10720	
-5828	-11356	11004	
-5860	-11500	11252	
-4828	-11632	11264	
-4604	-11692	10888	
-5180	-11220	10760	
-4960	-11296	10644	
-5116	-11320	10836	
-4832	-11040	10440	
-4952	-11144	10376	
-4932	-10828	10184	
-5040	-10976	10164	
-5220	-10752	10016	
-5080	-10912	10212	
-5180	-10792	10108	
-5444	-10748	10176	
-5444	-10656	10460	
-5252	-10772	10564	
-5420	-10824	10664	
-5556	-10752	10748	
-5448	-10572	10844	
-5384	-10980	10948	
-5348	-10772	10988	
-5780	-11040	11384	
-3748	-10608	11196	
-5592	-10604	10752	
-5280	-10740	10536	
-5148	-10168	10328	
-5180	-10412	10188	
-5848	-10304	10464	
-4740	-11188	10968	
-4364	-10932	11396	
-5504	-10476	10804	
-5212	-10204	10420	
-5864	-10492	10428	
-5576	-10624	10260	
-5544	-9900	10296	
-5868	-10380	10568	
-5792	-10456	10484	
-6660	-10556	10140	
-4572	-10688	8764	
-5788	-9380	8372	
-5636	-9844	8476	
-5516	-10000	8760	
-5608	-10080	8976	
-5408	-9836	9060	
-5624	-10088	9016	
-4840	-10048	9172	
-5604	-10216	9496	
-5800	-10428	9816	
-4208	-10244	9480	
-5736	-10412	9708	
-5824	-10236	9808	
-5380	-10660	10108	
-5424	-10640	10256	
-6028	-10820	10420	
-6616	-10916	10596	
-6452	-11152	10976	
-6804	-11376	11348	
-7096	-11672	11328	
-7320	-11836	11540	
-7192	-12132	11560	
-7420	-12296	11820	
-7492	-12176	11688	
-7644	-12268	11332	
-8228	-11844	11412	
-8080	-12428	11064	
-7404	-12404	11196	
-7624	-12096	10948	
-8688	-11992	10612	
-8332	-12044	10484	
-8380	-11892	10176	
-8668	-11556	10020	
-6068	-12904	10264	
-6324	-11728	9480	
-8372	-11076	9304	
-8116	-10408	9576	
-6588	-12492	9768	
-5864	-11604	9636	
-7316	-10516	9360	
-7724	-10568	9484	
-6956	-11880	9972	
-6028	-12004	10556	
-6100	-11276	10120	
-7028	-10756	9568	
-6632	-11360	9628	
-6612	-11276	9600	
-8100	-11364	9992	
-6948	-11176	10532	
-5304	-12096	10576	
-6852	-10964	10668	
-7712	-11648	10600	
-6504	-11824	10664	
-6504	-11688	10520	
-6556	-11796	10916	
-6344	-11864	11156	
-5876	-11932	11352	
-6092	-11808	11612	
-6252	-12332	11976	
-5948	-12480	12340	
-5944	-12172	12428	
-6124	-12184	12280	
-6020	-12604	12488	
-5888	-12612	12608	
-7100	-12716	12788	
-6736	-12612	12828	
-6680	-12884	12764	
-7112	-12460	12536	
-7428	-12832	12640	
-7284	-12696	12268	
-7472	-12440	11820	
-7256	-12260	11464	
-7312	-11860	11008	
-7524	-12176	10912	
-7296	-11924	11132	
-6976	-11652	10968	
-6612	-11308	10620	
-6416	-10368	10020	
-6616	-10588	9420	
-6376	-10260	9140	
-6072	-9788	8984	
-5400	-9676	8488	
-6052	-9444	8536	
-6080	-9284	8604	
-5552	-9104	8692	
-5520	-8820	8680	
-5456	-8760	8816	
-5420	-8780	8816	
-4980	-8148	8828	
-5648	-8732	9092	
-4964	-8288	9168	
-5212	-8476	9368	
-4904	-8232	9532	
-5176	-8400	9612	
-5048	-8372	9692	
-4944	-8288	9640	
-5016	-8604	10012	
-4652	-8568	10200	
-4816	-8848	10680	
-4876	-8940	10948	
-4572	-8924	11000	
-4732	-9284	11436	
-5312	-10404	12028	
-4164	-9540	11952	
-4404	-9208	11932	
-4592	-9700	11824	
-4928	-9844	12340	
-4732	-10244	12672	
-4248	-10084	12880	
-4088	-10016	12660	
-4700	-10024	12648	
-4952	-10324	12864	
-4532	-10404	12892	
-4844	-10232	12864	
-4884	-10304	12580	
-5012	-10148	12392	
-5268	-10536	12332	
-5364	-10152	12164	
-5356	-10552	12152	
-5776	-10376	12120	
-5804	-10320	12068	
-5668	-10504	12108	
-5760	-10320	11912	
-5660	-10644	11732	
-5756	-10536	11960	
-5428	-10500	11820	
-5396	-10264	11912	
-5812	-10112	11692	
-5672	-9836	11424	
-5832	-9776	11444	
-5600	-9624	11424	
-5496	-9476	11324	
-5520	-9248	11124	
-5772	-9208	11172	
-5740	-8880	11116	
-5752	-8656	11040	
-5644	-8612	10912	
-5604	-8660	10820	
-5724	-8648	10836	
-5408	-8884	11264	
-5216	-8788	11408	
-5372	-8880	11236	
-5060	-9156	11304	
-4772	-9316	11340	
-4764	-9460	11544	
-5180	-9416	11504	
-5356	-9612	11424	
-5856	-9504	11736	
-5952	-9652	11968	
-5512	-9716	11868	
-5656	-9844	11824	
-6428	-10180	11956	
-5564	-10988	12512	
-5356	-10908	12988	
-6684	-10444	12960	
-6300	-10980	13156	
-6252	-11248	13444	
-6408	-11452	13492	
-5712	-11720	13544	
-4820	-11648	13084	
-6524	-11388	13000	
-5856	-11096	13076	
-5532	-11300	13004	
-5284	-11256	12764	
-5440	-10984	12548	
-5300	-10536	12300	
-5116	-10712	12036	
-5336	-10168	11900	
-5432	-10156	12120	
-4636	-9740	11848	
-5648	-9852	11796	
-5704	-9448	11716	
-5848	-9480	11996	
-5168	-9712	12420	
-5976	-9444	12308	
-6364	-9280	12052	
-6060	-9248	11720	
-5728	-9308	11652	
-5880	-9292	11800	
-5548	-9244	10388	
-5120	-8404	10612	
-5420	-8588	11000	
-5428	-7992	11412	
-5504	-8568	11372	
-4832	-8324	11416	
-4320	-8092	11172	
-4436	-8568	11296	
-4532	-8344	11708	
-5228	-8228	11856	
-5180	-8968	12228	
-4176	-9264	12516	
-3924	-8896	12660	
-4240	-9140	12396	
-4468	-9468	13048	
-4684	-9564	13472	
-4364	-9416	13572	
-5056	-9688	13580	
-4976	-9668	13852	
-4352	-9872	13584	
-4160	-9600	13516	
-4800	-9844	13000	
-4404	-9748	13012	
-4436	-9432	12596	
-4184	-9644	12408	
-5256	-8920	12220	
-4820	-9796	12328	
-4280	-9672	12944	
-5884	-9460	13280	
-5688	-9896	13648	
-5448	-9896	13548	
-5252	-10196	13488	
-5632	-9944	13468	
-4624	-9896	12956	
-4836	-10512	12848	
-5860	-10212	13212	
-4900	-10464	13200	
-4748	-10216	12808	
-4236	-10132	12676	
-5904	-10500	13264	
-4852	-10420	13036	
-4768	-9948	12896	
-5588	-10144	12796	
-5096	-9820	12864	
-5692	-10340	13368	
-4696	-9904	13352	
-6228	-10136	13384	
-6480	-9748	13344	
-4928	-10032	13276	
-5748	-9612	12896	
-6576	-9980	13080	
-5348	-9876	12640	
-6180	-9920	12908	
-5140	-9816	12900	
-5756	-9176	12636	
-6032	-9500	12564	
-5828	-9696	12752	
-5588	-9504	13116	
-5384	-9700	12908	
-6036	-9440	12748	
-6140	-9044	13088	
-6276	-9840	13180	
-6688	-8652	13400	
-6152	-9412	12992	
-6308	-8964	13036	
-5600	-9256	12872	
-6420	-8892	12956	
-5560	-9288	13200	
-6808	-9632	13344	
-7892	-9728	13556	
-7736	-10368	14136	
-7560	-10976	14576	
-8024	-11696	14648	
-8956	-11780	14832	
-8636	-12680	14964	
-7808	-12744	14824	
-9684	-13364	15364	
-8268	-14772	15580	
-9248	-14412	15540	
-8404	-13780	15212	
-8720	-16080	16064	
-7836	-14944	15852	
-7884	-15704	15256	
-7268	-14484	15240	
-7320	-15320	15580	
-6352	-13916	14848	
-6280	-14024	14928	
-6392	-13608	15648	
-5584	-13724	15748	
-5600	-12748	15152	
-5028	-12484	14660	
-5632	-11976	14964	
-5208	-10924	14564	
-4916	-11088	14392	
-4628	-10232	13764	
-4424	-10108	13816	
-4332	-8840	13372	
-4388	-8824	12572	
-3816	-7952	11828	
-4152	-7472	11000	
-4748	-7172	10972	
-4448	-6864	10920	
-4384	-6908	10968	
-4620	-6468	10760	
-3824	-6552	10324	
-4272	-6024	10064	
-4588	-6904	11080	
-5332	-6776	11140	
-5184	-7104	10840	
-6228	-7064	10496	
-5984	-7412	10544	
-5404	-7388	10184	
-5760	-7464	10332	
-5680	-7500	10584	
-5872	-7476	10764	
-5720	-7636	10464	
-5892	-7656	10236	
-5932	-7696	10372	
-5964	-7752	10516	
-6044	-7976	10632	
-6144	-8092	10376	
-6236	-7720	10148	
-6228	-8164	10228	
-6304	-8276	10748	
-6360	-8292	10852	
-5964	-8616	10792	
-5604	-8776	10956	
-5180	-8176	10632	
-7076	-8440	10924	
-5744	-8852	11120	
-6040	-8808	11004	
-6176	-8644	10864	
-6592	-8364	10792	
-6536	-8172	11292	
-7016	-9132	11460	
-6812	-8544	11260	
-7004	-9148	11432	
-7244	-8764	11516	
-7124	-9212	11884	
-7112	-9068	12068	
-7176	-9292	11720	
-7424	-9384	11884	
-7720	-9212	12000	
-7468	-9824	12152	
-7104	-10096	12256	
-7580	-10060	12008	
-8212	-10044	12432	
-8324	-10696	12568	
-7956	-10132	12664	
-7448	-10816	12416	
-8236	-10500	12440	
-8592	-10708	12688	
-8052	-10356	12648	
-7580	-10604	12516	
-7112	-10352	12316	
-7688	-9952	12292	
-8136	-9940	12356	
-7092	-10060	12488	
-7536	-10052	12712	
-6996	-10076	12728	
-6880	-9632	12488	
-7428	-9616	12560	
-6944	-9568	12532	
-7092	-9108	12552	
-7004	-9300	12488	
-6636	-8920	12188	
-7132	-8744	12192	
-6440	-8568	12188	
-6264	-8456	12068	
-6288	-8428	12028	
-5908	-8264	11844	
-6164	-8136	11964	
-6044	-8232	12004	
-5676	-8152	11540	
-6380	-7760	11452	
-6136	-7812	11724	
-6452	-7888	12160	
-6560	-7968	12360	
-6492	-8064	12096	
-6336	-8128	11928	
-6256	-8300	12264	
-6580	-8168	12332	
-6480	-8320	12160	
-6716	-8260	12408	
-6740	-8188	12352	
-6564	-8096	12124	
-6752	-8188	12044	
-6680	-8228	12088	
-6476	-8152	11976	
-6604	-8188	12064	
-6400	-8160	12124	
-6492	-8084	12124	
-6544	-8196	11944	
-6520	-8196	12008	
-6616	-8272	11976	
-6548	-8212	12024	
-6560	-8328	12032	
-6528	-8260	11988	
-6572	-8272	11868	
-6532	-8376	12008	
-6528	-8304	12032	
-6548	-8572	12312	
-6544	-8552	12300	
-6648	-8640	12304	
-6700	-8764	12604	
-6680	-8700	12496	
-6660	-8876	12628	
-6760	-8900	13048	
-6772	-9156	12992	
-6720	-9248	13192	
-6644	-9284	13156	
-6716	-9232	13072	
-6760	-9252	13008	
-6736	-9192	12888	
-6612	-9236	12924	
-6524	-9128	12784	
-6648	-9044	12648	
-6692	-8976	12656	
-6684	-9044	12608	
-6744	-8960	12536	
-6680	-8776	12560	
-6700	-8800	12492	
-6664	-8592	12528	
-6740	-8528	12324	
-6808	-8596	12260	
-6624	-8440	12232	
-6740	-8436	12152	
-6756	-8480	12164	
-6812	-8472	12300	
-6856	-8552	12456	
-7168	-8736	12472	
-7272	-8696	12464	
-7248	-8808	12712	
-7168	-8700	12408	
-7232	-8672	12448	
-7244	-8592	12264	
-7196	-8588	12364	
-7104	-8548	12312	
-7112	-8712	12300	
-7168	-8564	12044	
-6988	-8452	12312	
-6988	-8548	12208	
-6876	-8532	12316	
-6756	-8508	12228	
-6764	-8596	12304	
-6604	-8532	12096	
-6720	-8464	12172	
-6648	-8544	12184	
-6640	-8720	12260	
-6596	-8548	12308	
-6732	-8632	12392	
-6664	-8672	12228	
-6732	-8724	12264	
-6744	-8720	12304	
-6648	-8652	12292	
-6668	-8680	12400	
-6648	-8716	12348	
-6592	-8680	12516	
-6552	-8588	12176	
-6380	-8604	12356	
-6412	-8720	12336	
-6500	-8668	12404	
-6464	-8760	12512	
-6444	-8800	12524	
-6492	-8952	12424	
-6368	-8936	12516	
-6472	-8932	12676	
-6472	-9072	12652	
-6384	-9012	12636	
-6440	-8984	12536	
-6372	-9056	12492	
-6428	-9036	12696	
-6296	-9032	12824	
-6364	-9136	12644	
-6164	-9080	12652	
-6300	-9072	12796	
-6168	-9024	12800	
-6232	-9000	12632	
-6216	-9052	12680	
-6176	-9024	12804	
-6188	-9040	12792	
-6188	-9008	12912	
-6232	-9028	12864	
-6236	-9028	12896	
-6304	-9192	13004	
-6348	-9088	12808	
-6420	-9096	12852	
-6376	-9112	12724	
-6368	-9032	12740	
-6404	-8964	12560	
-6252	-8916	12656	
-6292	-8952	12744	
-6380	-8900	12608	
-6496	-8852	12572	
-6416	-8832	12580	
-6660	-8640	12416	
-6516	-8900	12672	
-6448	-8936	12552	
-6784	-8852	12532	
-6728	-8840	12612	
-6620	-8772	12536	
-6516	-8796	12420	
-6500	-8692	12532	
-6588	-8652	12428	
-6580	-8672	12648	
-6484	-8704	12440	
-6548	-8608	12264	
-6412	-8560	12172	
-6572	-8524	12304	
-6448	-8652	12376	
-6520	-8716	12336	
-6476	-8652	12624	
-6392	-8652	12588	
-6444	-8712	12456	
-6504	-8744	12556	
-6592	-8732	12708	
-6536	-8808	12652	
-6384	-8792	12376	
-5436	-8332	11916	
-6436	-8632	12120	
-6736	-8664	12680	
-6484	-8872	12808	
-6384	-8736	12592	
-6388	-8756	12440	
-6916	-8816	12292	
-6496	-8808	12540	
-6408	-8884	12496	
-6832	-8980	12592	
-6888	-8852	12576	
-6900	-8972	12748	
-6580	-9012	12660	
-6684	-9052	12388	
-6536	-8860	12352	
-6136	-8700	12216	
-6548	-8768	12384	
-6624	-8692	12524	
-6564	-8676	12436	
-6884	-8792	12428	
-6724	-8804	12352	
-6952	-8900	12300	
-7104	-8912	12444	
-7164	-8856	12428	
-6764	-8712	12592	
-6852	-9060	12536	
-6644	-8936	12500	
-6500	-8864	12408	
-6728	-8520	12412	
-6440	-8976	12472	
-6456	-8704	12388	
-6876	-9064	12464	
-6852	-8988	12432	
-6996	-9024	12516	
-6992	-8980	12324	
-7072	-8956	12332	
-6792	-8964	12448	
-6628	-9184	12268	
-6776	-8932	12436	
-6588	-8952	12320	
-6464	-8896	12208	
-6496	-8952	12432	
-6660	-9040	12268	
-6796	-9036	12452	
-6628	-9028	12472	
-6768	-9012	12500	
-6616	-9120	12400	
-6760	-9140	12508	
-6744	-9144	12624	
-6584	-9064	12408	
-6644	-9176	12584	
-6552	-9120	12500	
-6572	-9056	12412	
-6512	-9048	12508	
-6552	-9088	12424	
-6420	-8928	12516	
-6428	-8956	12408	
-6412	-9108	12388	
-6420	-9008	12496	
-6468	-9000	12612	
-6348	-8924	12624	
-6604	-8908	12504	
-6572	-8928	12552	
-6472	-9012	12592	
-6440	-9072	12492	
-6556	-8872	12556	
-6464	-8964	12500	
-6536	-9012	12648	
-6560	-9108	12648	
-6508	-9016	12472	
-6428	-9060	12640	
-6396	-9064	12700	
-6452	-8948	12828	
-6528	-8864	12592	
-6444	-8892	12580	
-6492	-8748	12568	
-6440	-8732	12572	
-6428	-8788	12620	
-6404	-8680	12412	
-6444	-8620	12372	
-6488	-8744	12512	
-6432	-8768	12688	
-6448	-8648	12644	
-6424	-8768	12540	
-6428	-8732	12624	
-6440	-8696	12652	
-6428	-8584	12496	
-6444	-8648	12472	
-6508	-8636	12656	
-6428	-8704	12364	
-6340	-8644	12492	
-6468	-8852	12360	
-6476	-8612	12328	
-6304	-8756	12368	
-6460	-8680	12488	
-6536	-8620	12332	
-6604	-8572	12280	
-6656	-8640	12224	
-6488	-8628	12188	
-6760	-8636	12172	
-6756	-8696	12284	
-6712	-8832	12152	
-6772	-8792	12184	
-6640	-8836	12204	
-6764	-8828	12304	
-6612	-8788	12472	
-6652	-8852	12288	
-6620	-8716	12360	
-6784	-8800	12032	
-6700	-8708	12188	
-6740	-8776	12104	
-6788	-8888	12244	
-6724	-8780	12248	
-6792	-9080	12472	
-6340	-8880	12380	
-6720	-9000	12428	
-6900	-9032	12400	
-6488	-8916	12416	
-6544	-8880	12472	
-6556	-8900	12396	
-6964	-8800	12156	
-6872	-8704	12316	
-6816	-8776	12136	
-6612	-8756	12136	
-6592	-8712	12052	
-6676	-8800	12348	
-6616	-8760	12412	
-6504	-8816	12496	
-6420	-8816	12696	
-6484	-8884	12620	
-6508	-8828	12784	
-6452	-8924	12676	
-6612	-8924	12528	
-6632	-8980	12664	
-6620	-8988	12644	
-6536	-8948	12632	
-6476	-8940	12600	
-6476	-9020	12500	
-6440	-8896	12544	
-6484	-8832	12436	
-6472	-8988	12364	
-6488	-8992	12440	
-6580	-9004	12440	
-6620	-8920	12584	
-6636	-9116	12560	
-6576	-8996	12476	
-6524	-8984	12592	
-6476	-9052	12596	
-6468	-8980	12724	
-6548	-9056	12516	
-6408	-8976	12604	
-6656	-8988	12488	
-6608	-9120	12576	
-6624	-9000	12380	
-6596	-8968	12472	
-6528	-8952	12392	
-6460	-8860	12488	
-6460	-8896	12316	
-6460	-8872	12336	
-6472	-8812	12292	
-6480	-8844	12352	
-6552	-8732	12312	
-6600	-8900	12180	
-6696	-8872	12424	
-6680	-8972	12304	
-6548	-8936	12420	
-6504	-9024	12412	
-6636	-8924	12492	
-6632	-8912	12592	
-6568	-9008	12536	
-6532	-9204	12424	
-6624	-9020	12548	
-6628	-9040	12404	
-6568	-9060	12512	
-6524	-8948	12296	
-6492	-8884	12400	
-6504	-8956	12320	
-6508	-8864	12560	
-6472	-8824	12416	
-6408	-8856	12248	
-6484	-8952	12572	
-6472	-8852	12440	
-6444	-8916	12424	
-6644	-8880	12628	
-6752	-8908	12512	
-6720	-8884	12480	
-6744	-8788	12484	
-6660	-8808	12340	
-6652	-8768	12392	
-6660	-8740	12268	
-6572	-8668	12340	
-6480	-8736	12300	
-6580	-8768	12312	
-6512	-8756	12364	
-6504	-8748	12632	
-6512	-8840	12516	
-6488	-8776	12468	
-6428	-8852	12608	
-6532	-8892	12620	
-6384	-8860	12644	
-6548	-9056	12632	
-6540	-8944	12656	
-6724	-9076	12772	
-6712	-9080	12832	
-6632	-9088	12604	
-6516	-9088	12692	
-6520	-9108	12756	
-6692	-8972	12592	
-6864	-8904	12496	
-6504	-8740	12640	
-6660	-9020	12580	
-6604	-8900	12448	
-6644	-8892	12476	
-6496	-8948	12464	
-6656	-8984	12444	
-6588	-8988	12492	
-6652	-8928	12396	
-6556	-8884	12432	
-6668	-8796	12500	
-6608	-8812	12284	
-6588	-8904	12276	
-6652	-8868	12432	
-6548	-8884	12280	
-6520	-8848	12420	
-6432	-8792	12360	
-6380	-8784	12400	
-6428	-8952	12624	
-6376	-8836	12476	
-6332	-8852	12648	
-6344	-8876	12552	
-6304	-8896	12440	
-6352	-8760	12532	
-6380	-8900	12396	
-6480	-8848	12272	
-6500	-8796	12272	
-6492	-8848	12412	
-6456	-8796	12252	
-6524	-8760	12372	
-6536	-8748	12496	
-6440	-8800	12560	
-6544	-8804	12336	
-6544	-8876	12440	
-6352	-8812	12252	
-6576	-8796	12376	
-6452	-8768	12316	
-6508	-8756	12516	
-6580	-8788	12520	
-6492	-8840	12488	
-6460	-8860	12428	
-6616	-8792	12472	
-6732	-8836	12416	
-6720	-8912	12384	
-6772	-8840	12544	
-6536	-8824	12464	
-6716	-8920	12476	
-6680	-8820	12432	
-6688	-8932	12388	
-6412	-8732	12548	
-6576	-8864	12452	
-6572	-8804	12488	
-6528	-8828	12352	
-6648	-8744	12216	
-6692	-8764	12456	
-6684	-8788	12404	
-6640	-8916	12524	
-6612	-8900	12464	
-6720	-8920	12444	
-6676	-8964	12400	
-6644	-8952	12404	
-6668	-8940	12344	
-6768	-8964	12448	
-6732	-8916	12344	
-6544	-8856	12424	
-6652	-8916	12264	
-6632	-8940	12480	
-6668	-8940	12444	
-6636	-8928	12388	
-6744	-8756	12392	
-6724	-9020	12532	
-6672	-8972	12488	
-6736	-8940	12524	
-6740	-8920	12532	
-6772	-8872	12520	
-6768	-8852	12484	
-6556	-8892	12452	
-6476	-8796	12440	
-6620	-8868	12392	
-6516	-8832	12468	
-6420	-8796	12508	
-6364	-8836	12208	
-6360	-8836	12300	
-6408	-8884	12388	
-6364	-8796	12576	
-6512	-8744	12572	
-6480	-8780	12624	
-6436	-8904	12664	
-6388	-8824	12636	
-6428	-8908	12520	
-6568	-8912	12624	
-6472	-8844	12700	
-6476	-8900	12668	
-6580	-8912	12548	
-6680	-8960	12508	
-6568	-9000	12560	
-6648	-8924	12472	
-6660	-8940	12324	
-6576	-8848	12428	
-6580	-8940	12492	
-6704	-8856	12324	
-6528	-8888	12516	
-6672	-8916	12564	
-6520	-8928	12604	
-6568	-8860	12552	
-6560	-8816	12464	
-6572	-8848	12488	
-6456	-8828	12456	
-6408	-8828	12308	
-6452	-8780	12396	
-6496	-8848	12320	
-6532	-8788	12508	
-6480	-8832	12472	
-6364	-8900	12576	
-6488	-8872	12500	
-6560	-8776	12472	
-6448	-8876	12632	
-6468	-8856	12620	
-6636	-8812	12520	
-6788	-8892	12304	
-6660	-8816	12312	
-6700	-8884	12200	
-6692	-8804	12368	
-6764	-8812	12308	
-6860	-8876	12248	
-6972	-8840	12360	
-7028	-8876	12304	
-6984	-8868	12432	
-6980	-8868	12596	
-6940	-8844	12560	
-6904	-8876	12536	
-6800	-8844	12384	
-6724	-8776	12484	
-6736	-8708	12304	
-6652	-8776	12256	
-6636	-8700	12364	
-6604	-8732	12320	
-6600	-8764	12380	
-6636	-8672	12252	
-6652	-8732	12316	
-6592	-8760	12356	
-6616	-8668	12320	
-6576	-8656	12380	
-6580	-8672	12428	
-6652	-8660	12492	
-6620	-8708	12248	
-6668	-8700	12372	
-6580	-8712	12276	
-6648	-8684	12316	
-6608	-8744	12364	
-6572	-8732	12532	
-6596	-8804	12376	
-6596	-8780	12356	
-6568	-8936	12464	
-6580	-8868	12324	
-6616	-8884	12496	
-6584	-8936	12600	
-6704	-8900	12508	
-6632	-8992	12524	
-6672	-8968	12424	
-6732	-8984	12604	
-6648	-9044	12552	
-6736	-8976	12532	
-6752	-8968	12612	
-6696	-9056	12648	
-6700	-8992	12568	
-6708	-8956	12536	
-6648	-8964	12456	
-6660	-9040	12424	
-6584	-9000	12440	
-6664	-8940	12388	
-6480	-8960	12408	
-6700	-8880	12464	
-6608	-8760	12432	
-6548	-8852	12440	
-6628	-8808	12372	
-6576	-8768	12460	
-6508	-8708	12392	
-6560	-8768	12448	
-6580	-8688	12240	
-6496	-8772	12284	
-6468	-8628	12384	
-6552	-8736	12332	
-6560	-8672	12352	
-6636	-8676	12324	
-6504	-8704	12400	
-6564	-8636	12372	
-6536	-8724	12320	
-6668	-8704	12328	
-6596	-8676	12284	
-6624	-8768	12384	
-6656	-8724	12352	
-6616	-8772	12328	
-6628	-8836	12444	
-6552	-8792	12380	
-6500	-8804	12432	
-6688	-8808	12408	
-6612	-8844	12556	
-6716	-8864	12508	
-6776	-8812	12500	
-6724	-8836	12376	
-6716	-8852	12492	
-6828	-8980	12372	
-6768	-8824	12340	
-6756	-8836	12360	
-6768	-8800	12328	
-6856	-8808	12384	
-6744	-8732	12168	
-6852	-8688	12204	
-6740	-8768	12368	
-6780	-8684	12364	
-6812	-8756	12268	
-6784	-8700	12392	
-6864	-8728	12420	
-6844	-8812	12404	
