-9648	-11196	5556	
-9684	-11264	5516	
-9740	-11084	5544	
-9736	-11216	5636	
-9880	-11328	5772	
-9460	-11324	5636	
-9556	-10972	5628	
-9840	-11144	5200	
-10064	-11572	6020	
-9252	-11380	6004	
-9708	-11144	5604	
-9968	-11416	5576	
-9592	-11504	6040	
-9556	-11496	6028	
-9572	-11372	5980	
-9556	-11304	5752	
-9568	-11484	5736	
-9756	-11292	5996	
-9736	-11396	5776	
-9688	-11268	5704	
-9760	-11340	5580	
-9928	-11324	5620	
-9816	-11316	5516	
-9764	-11204	5684	
-9760	-11216	5724	
-9660	-11172	5496	
-9568	-11164	5364	
-9568	-11196	5372	
-9452	-11208	5652	
-9476	-11236	5720	
-9504	-11348	5620	
-9616	-11272	5668	
-9612	-11380	5676	
-9608	-11288	5804	
-9760	-11400	5576	
-9848	-11412	5736	
-9876	-11428	5564	
-9900	-11256	5584	
-9864	-11288	5628	
-9984	-11352	5596	
-9908	-11312	5544	
-10000	-11228	5436	
-9944	-11184	5384	
-9868	-11232	5360	
-9808	-11032	5336	
-9888	-11152	5312	
-9736	-11156	5196	
-9736	-11164	5404	
-9708	-11080	5356	
-9740	-11260	5300	
-9796	-11208	5340	
-9864	-11248	5396	
-9944	-11184	5420	
-9948	-11188	5348	
-10028	-11148	5340	
-10024	-11232	5232	
-10012	-11212	5512	
-9972	-11268	5396	
-10016	-11156	5352	
-9904	-11116	5300	
-9892	-11216	5304	
-9916	-11140	5108	
-9832	-11148	5456	
-9788	-11044	5472	
-9952	-11128	5280	
-9816	-11236	5268	
-9860	-11148	5376	
-9940	-11284	5476	
-9916	-11292	5560	
-10040	-11244	5664	
-10024	-11296	5676	
-9948	-11328	5624	
-9992	-11356	5580	
-9916	-11444	5756	
-9868	-11320	5720	
-9800	-11324	5612	
-9828	-11288	5580	
-9716	-11332	5632	
-9620	-11344	5592	
-9764	-11280	5600	
-9644	-11196	5576	
-9492	-11224	5516	
-9552	-11128	5600	
-9532	-11280	5760	
-9604	-11356	5768	
-9660	-11252	5676	
-9672	-11280	5732	
-9664	-11372	5892	
-9700	-11332	5812	
-9736	-11372	5908	
-9712	-11404	5824	
-9824	-11372	5780	
-9824	-11464	5916	
-9884	-11396	6024	
-9892	-11436	5884	
-9936	-11436	5860	
-9860	-11536	5752	
-9960	-11404	5704	
-9920	-11392	5728	
-9948	-11376	5548	
-9968	-11324	5468	
-10072	-11344	5460	
-10080	-11260	5424	
-10096	-11252	5404	
-10264	-11300	5380	
-10300	-11260	5340	
-10232	-11364	5396	
-10276	-11352	5320	
-10228	-11300	5400	
-10272	-11296	5488	
-10336	-11340	5464	
-10160	-11360	5404	
-10060	-11264	5472	
-10124	-11328	5432	
-10476	-11508	5412	
-10772	-11556	6060	
-10024	-11604	5624	
-10504	-11376	5656	
-10208	-11288	5380	
-10224	-11416	5264	
-9924	-11348	5388	
-9952	-11192	5432	
-10120	-11224	5272	
-10160	-11244	5360	
-10076	-11148	5392	
-10228	-11280	5436	
-10320	-11292	5412	
-10368	-11348	5384	
-10356	-11336	5544	
-10392	-11448	5684	
-10608	-11416	5608	
-10708	-11424	5856	
-10160	-11284	5712	
-10224	-11112	5148	
-10312	-11104	5136	
-9952	-11056	5400	
-9412	-10996	5256	
-9468	-10816	5112	
-9252	-10832	5040	
-9052	-10896	5368	
-9160	-10944	5432	
-9312	-10868	5436	
-9284	-11048	5444	
-9604	-11232	5644	
-9720	-11144	5652	
-9824	-11260	5752	
-9980	-11252	5724	
-10064	-11324	5756	
-10016	-11204	5580	
-10132	-11280	5680	
-10064	-11228	5588	
-10084	-11316	5528	
-10012	-11304	5664	
-9924	-11360	5736	
-10084	-11276	5584	
-9960	-11260	5624	
-10040	-11288	5544	
-10100	-11120	5500	
-10052	-11112	5364	
-9968	-11116	5412	
-9900	-11108	5312	
-10024	-11124	5292	
-9960	-11084	5296	
-9956	-11200	5184	
-9916	-11076	5412	
-9928	-11156	5260	
-9956	-11168	5336	
-9936	-11228	5612	
-9960	-11348	5820	
-9828	-11396	5700	
-9788	-11248	5644	
-9824	-11284	5708	
-9752	-11228	5752	
-9720	-11192	5572	
-9712	-11220	5616	
-9824	-11160	5620	
-9908	-11316	5644	
-9760	-11236	5684	
-9784	-11248	5776	
-9860	-11272	5784	
-9728	-11280	5592	
-9928	-11328	5644	
-9848	-11280	5596	
-9752	-11128	5568	
-9892	-11228	5524	
-9824	-11228	5440	
-9784	-11164	5376	
-9812	-11128	5460	
-9904	-11072	5232	
-9892	-11108	5384	
-9920	-11180	5580	
-9896	-11068	5432	
-9880	-11116	5380	
-10000	-11152	5300	
-10044	-11128	5476	
-9940	-11176	5328	
-10012	-11184	5368	
-10012	-11136	5468	
-9888	-11108	5464	
-9844	-10984	5384	
-9876	-11040	5464	
-9836	-11124	5176	
-9792	-11088	5480	
-9868	-11048	5300	
-9900	-11172	5480	
-10036	-11168	5236	
-10152	-11212	5336	
-10052	-11328	5176	
-10348	-11300	5360	
-10444	-11348	5472	
-10404	-11316	5412	
-10328	-11296	5308	
-10416	-11304	5268	
-10452	-11304	5476	
-10296	-11236	5444	
-10056	-11144	5252	
-10000	-11228	5144	
-9880	-11216	5284	
-9884	-11212	5336	
-9792	-11204	5380	
-9836	-11180	5400	
-9780	-11072	5436	
-9852	-11132	5464	
-9740	-11160	5500	
-9732	-11192	5688	
-9788	-11216	5364	
-9852	-11168	5624	
-9864	-11280	5736	
-9768	-11236	5584	
-9792	-11208	5540	
-9876	-11132	5608	
-9812	-11232	5544	
-9756	-11312	5464	
-9848	-11284	5900	
-9820	-11196	5648	
-9884	-11304	5452	
-9804	-11396	5632	
-9932	-11364	5688	
-9820	-11440	5556	
-9944	-11280	5676	
-10060	-11284	5672	
-9912	-11412	5788	
-9976	-11340	5804	
-9952	-11416	5800	
-10012	-11432	5852	
-9960	-11380	5652	
-9932	-11280	5728	
-9876	-11332	5680	
-9764	-11288	5564	
-9852	-11148	5472	
-9756	-11208	5404	
-9740	-11112	5588	
-9804	-11168	5448	
-9756	-11288	5652	
-9860	-11108	5428	
-9828	-11208	5496	
-9744	-11264	5260	
-9844	-11312	5320	
-9884	-11228	5328	
-10040	-11260	5432	
-10024	-11424	5636	
-10100	-11504	5432	
-10328	-11504	5648	
-10208	-11588	5660	
-10392	-11516	5696	
-10260	-11428	5532	
-10060	-11520	5492	
-10220	-11540	5560	
-10236	-11460	5500	
-9960	-11484	5404	
-10120	-11432	5312	
-10148	-11340	5308	
-10064	-11336	5448	
-10304	-11464	5368	
-10368	-11436	5284	
-10256	-11224	5124	
-10668	-11404	5556	
-10544	-11548	5588	
-10740	-11312	5644	
-10184	-11216	4900	
-9788	-11276	5068	
-9692	-11160	5632	
-9856	-11168	5728	
-9504	-11152	5552	
-9448	-11036	5588	
-9064	-11140	5424	
-9328	-11004	5352	
-9348	-11148	5244	
-9396	-11076	5412	
-9292	-11164	5380	
-9808	-11244	5700	
-9884	-11276	5660	
-9860	-11160	5416	
-9824	-11260	5404	
-10072	-11356	5776	
-10168	-11460	5880	
-10240	-11364	5576	
-10088	-11352	5388	
-10392	-11368	5684	
-10608	-11396	5492	
-10700	-11376	5584	
-10576	-11328	5108	
-10604	-11200	5276	
-10624	-11088	5340	
-10368	-11148	5200	
-10208	-11100	5280	
-10072	-11216	5208	
-9904	-11060	5264	
-9856	-11216	5380	
-9616	-11180	5360	
-9688	-11304	5500	
-9692	-11288	5656	
-9464	-11264	5624	
-9520	-11260	5740	
-9748	-11384	5788	
-9712	-11400	5932	
-9608	-11420	5840	
-9640	-11384	5552	
-9680	-11368	5748	
-9892	-11344	5684	
-9936	-11360	5536	
-9940	-11412	5472	
-10052	-11268	5492	
-10076	-11396	5344	
-10092	-11408	5368	
-10196	-11388	5336	
-10256	-11416	5580	
-10388	-11468	5572	
-10484	-11476	5556	
-10432	-11512	5536	
-10564	-11408	5472	
-10160	-11420	5424	
-10168	-11440	5432	
-9984	-11304	5164	
-9848	-11404	5324	
-9764	-11272	5116	
-9888	-11252	5292	
-9872	-11196	5116	
-9944	-11192	5260	
-9936	-11264	5172	
-9928	-11344	5180	
-10076	-11204	5040	
-9928	-11180	5044	
-9884	-11220	5172	
-10056	-11348	5168	
-10040	-11356	5172	
-10120	-11296	5372	
-10152	-11320	5384	
-10056	-11264	5580	
-9968	-11284	5308	
-9824	-11232	5120	
-9800	-11160	5272	
-9968	-11136	5444	
-9348	-11084	5084	
-9808	-11096	5300	
-9812	-11128	5376	
-9560	-11128	5240	
-9600	-11104	5324	
-9836	-10992	5324	
-9676	-11060	5352	
-9652	-11068	5220	
-9576	-10976	5308	
-9664	-11004	5228	
-9640	-11048	5280	
-9564	-10984	5136	
-9644	-11064	5412	
-10012	-10956	5360	
-9796	-10920	5132	
-9952	-11152	5136	
-10116	-11108	5212	
-10204	-11092	5356	
-10228	-11120	5216	
-10280	-11196	5348	
-10324	-11216	5308	
-10116	-11220	5300	
-10032	-11336	5244	
-10056	-11272	5296	
-10136	-11308	5288	
-9988	-11244	5272	
-9924	-11260	5228	
-9956	-11272	5240	
-9816	-11424	5176	
-10080	-11292	5360	
-9960	-11328	5312	
-9848	-11396	5316	
-10020	-11548	5488	
-10000	-11516	5528	
-9908	-11452	5376	
-10040	-11572	5348	
-10180	-11536	5296	
-10124	-11456	5344	
-10144	-11496	5260	
-10340	-11504	5156	
-10208	-11396	5060	
-10420	-11616	5332	
-10476	-11616	5240	
-10500	-11632	5508	
-10280	-11664	5360	
-10428	-11688	5520	
-10376	-11624	5400	
-10460	-11648	5312	
-10148	-11684	4656	
-9832	-11468	3944	
-9896	-11332	4016	
-10308	-11192	5360	
-10384	-11356	6416	
-10440	-11440	6756	
-10376	-11620	6996	
-10176	-11856	6764	
-10036	-11904	6720	
-10068	-12064	6300	
-10040	-12028	6244	
-9892	-12084	6536	
-9888	-11976	6284	
-9524	-11776	6112	
-10644	-11076	5944	
-9312	-11468	4760	
-8312	-11356	4808	
-8812	-10924	5048	
-8844	-10848	4872	
-8764	-11204	5260	
-9028	-11300	5280	
-9524	-11652	3996	
-8568	-11732	924	
-9728	-11084	2516	
-11400	-11760	5136	
-13388	-11772	6848	
-14100	-11736	7028	
-13240	-11824	6508	
-13492	-11840	5944	
-13440	-11716	5784	
-13076	-11764	5508	
-11420	-11692	4932	
-10888	-11476	5032	
-9532	-11388	4976	
-9684	-11416	5140	
-8232	-11336	5152	
-8600	-11276	5220	
-8740	-11204	5168	
-9436	-11380	5528	
-9516	-11264	5404	
-9192	-11280	4976	
-10096	-11316	5092	
-10140	-11268	4964	
-10308	-11208	5040	
-9892	-11128	4712	
-9632	-11000	4752	
-9956	-11156	4672	
-9764	-11380	3988	
-8464	-11784	140	
-9392	-9916	1572	
-10232	-10808	4092	
-10804	-10800	5428	
-10532	-11168	5656	
-10676	-11204	5560	
-11064	-11612	5940	
-10672	-11712	5804	
-10736	-11900	5796	
-10848	-12048	5880	
-10696	-11928	5924	
-10388	-12000	5932	
-10172	-11832	6048	
-10212	-11864	6000	
-9652	-11764	5516	
-9628	-11448	5228	
-9728	-11424	4968	
-9808	-11176	4916	
-9392	-11180	4524	
-9512	-10920	4404	
-9620	-11044	4412	
-9668	-11116	4732	
-9164	-11316	4596	
-9364	-11048	4616	
-9552	-11504	3564	
-7140	-11548	-444	
-8472	-10264	2128	
-9552	-10752	4932	
-9928	-10984	5360	
-9940	-10996	5416	
-9888	-11312	5540	
-10180	-11380	5944	
-9700	-11568	5808	
-10180	-11628	5996	
-9836	-11624	5828	
-9388	-11708	6060	
-9560	-11756	6148	
-9508	-11764	6012	
-9512	-11824	5996	
-8812	-11732	5032	
-9376	-11908	5132	
-9656	-11752	5268	
-9840	-11636	5328	
-9732	-11624	4716	
-10056	-11572	4680	
-10036	-11648	4612	
-10140	-11468	4544	
-9744	-11356	4196	
-9864	-11500	3844	
-10036	-11460	3296	
-8008	-10736	-628	
-9128	-11040	1940	
-9972	-11048	3964	
-10180	-11548	4328	
-9736	-11560	4260	
-10404	-11724	4880	
-10428	-11644	5204	
-10784	-11784	5176	
-10472	-12000	5360	
-10720	-12024	5104	
-10352	-11980	4980	
-10044	-12088	4792	
-10468	-11816	5012	
-10220	-11592	4840	
-10636	-11204	4996	
-10668	-12028	5296	
-10800	-12664	5712	
-10272	-12396	5332	
-9960	-12160	4536	
-9972	-12128	4284	
-9768	-11896	4008	
-9196	-11772	3996	
-9364	-11832	4056	
-9500	-11788	4036	
-9620	-11728	4180	
-9308	-11696	4016	
-9416	-11696	3924	
-9852	-11684	3996	
-10048	-11584	3848	
-9824	-11580	3628	
-10196	-11752	3784	
-9552	-11584	3996	
-9208	-11396	3636	
-8972	-11356	3568	
-8480	-11124	3952	
-9068	-10896	4396	
-8296	-12088	4884	
-9044	-12492	5188	
-8980	-12500	5248	
-10496	-12668	5964	
-10008	-13080	5656	
-10876	-13132	5680	
-10912	-12856	5236	
-10932	-12816	4732	
-10992	-12372	4900	
-10152	-12180	4532	
-9956	-11968	4640	
-9356	-12000	3924	
-10056	-11832	4300	
-10484	-11752	4280	
-9780	-11688	3616	
-10184	-11920	3308	
-9988	-11984	3952	
-10036	-12028	4144	
-9852	-11956	3940	
-9596	-11964	3768	
-9900	-12016	3956	
-9860	-11984	3868	
-9644	-12108	3632	
-9532	-12092	3080	
-7848	-12396	-1148	
-9004	-10796	592	
-9376	-11400	2832	
-8832	-11836	3584	
-9844	-11976	3916	
-9664	-11872	4280	
-9588	-12152	4608	
-10276	-12084	4652	
-10100	-12116	4252	
-10520	-12128	4140	
-10772	-12436	4332	
-10088	-12076	4076	
-9744	-12144	3724	
-9864	-11880	3392	
-8996	-11676	2828	
-8708	-11756	3168	
-9740	-11732	3632	
-9088	-11588	3344	
-8840	-11396	3216	
-10360	-12156	3952	
-9516	-12752	4308	
-10616	-12892	4500	
-9396	-12684	3940	
-10976	-12876	3876	
-9616	-13028	3784	
-10328	-12380	4124	
-9484	-12508	3864	
-10208	-12492	4088	
-10316	-12544	4048	
-10384	-12228	3732	
-10276	-12320	3732	
-10976	-12144	4028	
-10812	-12276	3624	
-10012	-12432	3676	
-10592	-12456	3744	
-10052	-12440	3664	
-10036	-12240	3580	
-9976	-12188	3312	
-9392	-12444	3368	
-10028	-12556	3784	
-10252	-12520	4116	
-9956	-12612	3772	
-10152	-12692	3896	
-10168	-12624	3984	
-9920	-12616	4032	
-9584	-12704	3764	
-9648	-12340	3496	
-9544	-12288	3264	
-9516	-11964	3088	
-9480	-12012	2884	
-9616	-12032	3020	
-9472	-12052	3060	
-9636	-12196	2908	
-9848	-12200	3120	
-9468	-12704	2400	
-8480	-11272	192	
-10208	-11916	2620	
-10284	-11964	4248	
-9976	-12216	4488	
-9648	-12440	4104	
-9900	-12484	4116	
-10132	-12668	3800	
-9696	-12936	4172	
-10128	-12696	4512	
-10448	-12800	4108	
-10088	-12808	4136	
-9908	-12776	3776	
-10024	-12540	3628	
-9592	-12568	3372	
-9840	-12524	3300	
-9040	-12532	3268	
-9300	-12416	3448	
-9688	-12380	3500	
-9836	-12520	3460	
-9768	-12460	3356	
-9468	-12588	3432	
-9656	-12780	3524	
-9692	-12584	3572	
-9840	-12460	3664	
-9360	-12300	3264	
-9328	-12200	3056	
-9468	-12188	2888	
-9184	-12292	2852	
-9632	-12472	3320	
-9544	-12512	3556	
-9808	-12516	3464	
-9636	-12564	3220	
-9100	-12572	2720	
-7752	-13532	-1716	
-8700	-10712	0	
-9240	-11676	2368	
-9808	-11852	3668	
-9760	-12036	4040	
-9712	-12616	3980	
-9988	-13048	4172	
-9980	-13256	4564	
-9756	-13360	4684	
-9904	-13172	4896	
-9764	-13108	4872	
-9728	-13156	5000	
-9796	-13256	4796	
-9668	-13100	4492	
-9860	-12980	4056	
-9648	-12796	3780	
-9256	-12552	3460	
-8988	-12392	3192	
-9236	-12268	3032	
-9192	-12360	3288	
-9084	-12460	3368	
-9520	-12492	3224	
-9916	-12528	3508	
-9940	-12552	3208	
-9952	-12540	3232	
-9828	-12580	3092	
-9756	-12524	3000	
-9620	-12464	2988	
-9496	-12492	3156	
-9232	-12560	3272	
-9200	-12612	3248	
-9472	-12584	3280	
-9452	-12588	3316	
-9420	-12444	3172	
-9628	-12392	3156	
-9552	-12292	3016	
-9684	-12240	2884	
-9676	-12184	2940	
-9748	-12168	2904	
-9640	-12052	2680	
-9612	-12120	2904	
-9736	-12096	2900	
-9500	-12144	2836	
-9604	-12236	3004	
-9576	-12232	3076	
-9420	-12388	2896	
-9584	-12520	3340	
-9680	-12624	3220	
-9700	-12616	3308	
-9908	-12628	3324	
-9956	-12468	3172	
-9908	-12400	3024	
-9808	-12468	2984	
-9836	-12380	2888	
-9800	-12384	2908	
-9720	-12492	2900	
-9708	-12456	3052	
-9640	-12552	3140	
-9808	-12644	3108	
-9580	-12696	3336	
-9592	-12768	3476	
-9700	-12788	3456	
-9716	-12732	3344	
-9736	-12724	3392	
-9632	-12684	3344	
-9680	-12740	3332	
-9632	-12656	3340	
-9648	-12672	3284	
-9588	-12572	3416	
-9564	-12656	3404	
-9488	-12620	3308	
-9420	-12720	3472	
-9520	-12700	3440	
-9528	-12616	3376	
-9576	-12636	3296	
-9672	-12680	3228	
-9576	-12616	3512	
-9620	-12684	3580	
-9692	-12720	3644	
-9640	-12776	3512	
-9796	-12764	3400	
-9756	-12744	3300	
-9764	-12652	3264	
-9848	-12596	3244	
-9904	-12656	3228	
-9904	-12576	3152	
-9840	-12524	3216	
-9848	-12504	3328	
-9772	-12608	3264	
-9628	-12504	3348	
-9792	-12680	3360	
-9564	-12636	3396	
-9540	-12612	3460	
-9476	-12556	3380	
-9564	-12528	3284	
-9528	-12472	3244	
-9552	-12552	3344	
-9736	-12436	3436	
-9592	-12432	3260	
-9620	-12416	3440	
-9592	-12512	3264	
-9664	-12396	3228	
-10096	-12472	2908	
-9600	-12908	3648	
-9280	-12428	2696	
-9688	-12356	3012	
-9812	-12292	3104	
-9864	-12360	2996	
-9784	-12580	2992	
-9556	-12384	2872	
-10108	-12284	2828	
-10088	-12236	3052	
-10320	-12200	3184	
-10044	-12112	3056	
-10484	-12088	2352	
-10156	-12096	2404	
-10120	-12036	2752	
-10272	-12088	2752	
-10240	-12016	2980	
-9672	-12216	2932	
-9576	-12164	2844	
-9548	-12168	3052	
-9828	-12092	3028	
-9724	-12152	2932	
-9476	-12384	3212	
-9308	-12196	3416	
-9548	-12172	3404	
-9472	-12140	3472	
-9248	-12264	3332	
-9228	-12200	3460	
-9144	-12160	3888	
-10196	-11908	5280	
-10104	-12632	6188	
-10128	-12680	5456	
-9504	-12928	4348	
-9248	-12504	2808	
-9284	-12412	2668	
-9316	-12100	2668	
-9340	-11976	2748	
-9380	-11872	3028	
-9564	-11904	3048	
-9540	-11892	3088	
-9500	-12108	2924	
-9576	-12076	3248	
-9632	-11976	3200	
-9820	-12076	3240	
-9512	-12120	3152	
-9444	-12160	3352	
-9524	-12268	3764	
-9640	-12472	4424	
-9568	-12576	4692	
-9412	-12720	4564	
-10000	-12592	4496	
-9644	-12760	4228	
-9624	-12656	4292	
-9500	-12660	4268	
-9820	-12368	4204	
-9600	-12356	3568	
-9500	-12240	3668	
-9332	-12236	3664	
-9236	-12044	3308	
-9408	-12048	3332	
-9188	-12040	3360	
-9140	-12132	3376	
-9220	-12160	3648	
-9392	-12196	3728	
-9296	-12284	3452	
-9276	-12504	3640	
-9748	-12548	3744	
-9512	-12716	3812	
-9728	-12604	3724	
-10040	-12560	3576	
-9480	-12644	3432	
-9896	-12568	3648	
-10072	-12412	3428	
-9728	-12444	3600	
-9500	-12416	3592	
-9508	-12180	3232	
-9464	-12064	3120	
-9352	-11900	3532	
-9240	-11832	3344	
-8972	-11916	3424	
-9568	-11804	3796	
-9524	-11928	3532	
-9492	-11960	3748	
-9712	-11948	3712	
-9764	-12144	3808	
-9920	-12172	3776	
-10104	-12328	3968	
-10120	-12288	4116	
-10056	-12424	4152	
-10132	-12376	4132	
-10220	-12284	3884	
-9748	-12316	3840	
-10036	-12240	3904	
-9916	-12244	4012	
-9844	-12240	3968	
-9944	-12108	4004	
-9992	-11972	3992	
-9748	-12168	3872	
-9720	-12236	4100	
-9340	-12324	4152	
-9484	-12116	4280	
-9636	-12104	4352	
-9452	-12304	4312	
-9672	-12264	4500	
-9876	-12172	5772	
-10576	-11808	8520	
-10328	-12828	6876	
-9908	-11992	4624	
-10136	-11932	4152	
-8972	-11956	3412	
-9100	-11892	2888	
-9044	-11760	2824	
-8796	-11844	3108	
-8884	-11700	3432	
-8900	-11756	3680	
-9292	-11892	3824	
-9576	-12060	3732	
-9388	-11940	3788	
-9436	-12160	3804	
-9792	-12268	3668	
-9844	-12268	3812	
-10232	-12412	4324	
-10280	-12488	4468	
-9920	-12616	4640	
-10044	-12092	4660	
-10012	-11852	3984	
-10008	-11996	4004	
-9800	-12084	4016	
-9708	-12100	4412	
-9936	-12132	4224	
-9504	-12136	4436	
-9604	-12200	4488	
-9932	-12236	4604	
-9516	-12268	4468	
-9668	-12280	4640	
-9660	-12388	4556	
-9940	-12396	4628	
-9828	-12332	4656	
-9748	-12364	4588	
-9560	-12416	4712	
-9828	-12436	4824	
-10088	-12388	4884	
-10336	-12228	5292	
-11588	-11612	8996	
-10392	-12808	7120	
-10200	-12912	5152	
-10412	-12288	4060	
-9892	-12040	3356	
-9276	-12004	3208	
-8708	-11932	2900	
-8840	-11840	2968	
-9340	-11852	3452	
-9080	-11808	3848	
-9076	-11780	4076	
-9416	-11876	4144	
-9764	-12028	4556	
-9588	-11952	4636	
-10068	-11908	4908	
-10648	-12264	5124	
-11444	-12064	5480	
-10872	-12124	5368	
-10588	-11980	4976	
-9752	-11852	4468	
-10296	-11796	4352	
-9516	-11784	3884	
-9948	-11736	4204	
-10036	-11584	4116	
-9708	-11584	4000	
-9420	-11628	3836	
-9424	-11692	4004	
-9288	-11924	4032	
-9756	-12016	4512	
-9500	-12044	4200	
-9580	-11580	3968	
-10336	-11396	4064	
-10428	-11360	4100	
-9888	-11900	4492	
-10448	-11812	4812	
-10336	-11604	4524	
-10028	-11820	4600	
-9904	-11744	4564	
-10008	-11628	4572	
-9640	-11564	4168	
-9076	-11548	4100	
-8592	-11612	3996	
-8944	-11512	4188	
-8956	-11612	4132	
-8776	-11688	4088	
-8700	-11736	4440	
-8980	-11860	4856	
-9100	-11964	5280	
-9328	-11952	5512	
-9480	-12060	5320	
-9448	-12164	5368	
-9704	-12060	5460	
-9652	-11624	4952	
-9500	-11568	4504	
-9636	-11508	4380	
-9656	-11560	4604	
-9772	-11564	4660	
-9696	-11588	4716	
-9612	-11508	4552	
-9504	-11656	4812	
-9576	-11632	4856	
-9424	-11572	5184	
-10084	-11124	7176	
-10028	-12476	7788	
-9432	-11832	6152	
-9008	-11992	4596	
-8808	-11688	4108	
-8828	-11676	4156	
-8900	-11724	4192	
-9100	-11632	4024	
-9052	-11568	4004	
-9252	-11616	4032	
-9492	-11584	3944	
-9708	-11644	4264	
-9920	-11680	4612	
-10020	-11768	4768	
-9956	-11936	4956	
-9908	-12032	4960	
-9968	-12000	5156	
-9812	-11996	5124	
-9648	-12032	5316	
-9680	-11932	5144	
-9560	-11912	5260	
-9484	-11840	5204	
-9416	-11832	5216	
-9496	-11864	5048	
-9580	-11792	5076	
-9040	-11896	5072	
-9032	-11500	4848	
-9252	-11436	4784	
-9568	-11560	4984	
-9616	-11632	5000	
-9492	-11620	4732	
-9472	-11608	4752	
-9520	-11724	4724	
-9592	-11792	4928	
-9500	-11736	5056	
-9532	-11720	4896	
-9500	-11764	5076	
-9560	-11872	5068	
-9496	-11752	5036	
-9616	-11880	5152	
-9720	-11896	4952	
-9764	-11708	5148	
-9468	-11892	4952	
-9324	-11652	4952	
-9492	-11716	5068	
-9392	-11736	5092	
-9324	-11628	4972	
-9340	-11720	4884	
-9292	-11648	4892	
-9468	-11672	4824	
-9484	-11576	5052	
-9444	-11664	4932	
-9480	-11692	5024	
-9612	-11712	4936	
-9520	-11676	4972	
-9636	-11760	4748	
-9604	-11716	4956	
-9544	-11676	5152	
-9636	-11728	4972	
-9404	-11708	4996	
-9276	-11692	4884	
-9456	-11640	5152	
-9404	-11568	5104	
-9212	-11460	5012	
-9428	-11496	4968	
-9216	-11460	4796	
-9604	-11500	5000	
-9272	-11504	5132	
-8772	-10996	4188	
-9460	-10848	4216	
-9000	-11232	4124	
-9044	-11080	4500	
-9120	-11156	4720	
-9284	-11280	5084	
-9288	-11236	5168	
-9876	-11320	5092	
-9736	-11456	4980	
-9416	-11456	5284	
-9124	-11368	4708	
-9620	-11112	4740	
-9364	-11344	4936	
-9048	-11224	4688	
-9564	-11180	4952	
-9392	-11412	5140	
-8840	-10992	4968	
-9412	-10824	4284	
-9704	-10940	4364	
-9436	-11196	4456	
-9416	-10904	5044	
-9676	-11024	4916	
-9608	-11040	4860	
-9840	-10904	4880	
-9528	-11048	5016	
-9476	-10768	5032	
-9544	-11048	4804	
-9272	-10764	4864	
-8892	-10736	4656	
-9596	-10664	5048	
-9144	-10624	5048	
-9544	-10940	5096	
-9012	-10456	5032	
-9552	-10984	5084	
-9136	-10104	5336	
-9064	-10860	5044	
-9168	-10416	4396	
-8548	-11548	5864	
-12276	-10604	6912	
-7760	-10804	4940	
-10716	-10364	4736	
-9956	-10492	4908	
-10484	-10620	4756	
-10504	-10168	4624	
-8588	-10632	4560	
-10560	-9984	4924	
-9124	-10032	4144	
-11040	-10244	4684	
-9300	-10084	4440	
-11416	-10188	5296	
-9208	-10072	4752	
-10456	-10532	4968	
-10848	-10156	5512	
-11156	-10800	5440	
-10244	-10456	5384	
-10416	-10372	4780	
-10808	-9972	4528	
-10652	-9884	4272	
-10432	-9888	4232	
-10704	-9944	4212	
-10636	-10004	4420	
-11012	-9984	4500	
-11208	-9952	4640	
-11436	-10132	4836	
-11176	-10148	4612	
-11216	-10136	4812	
-11488	-10172	4756	
-11528	-10164	4924	
-11804	-10328	5072	
-11636	-10412	5348	
-11804	-10568	5324	
-11744	-10644	5492	
-11844	-10752	5604	
-11896	-11120	5872	
-12088	-11092	5784	
-11992	-10888	5640	
-10944	-10808	5084	
-11732	-11108	5648	
-12084	-11228	6028	
-11032	-11096	5964	
-11348	-11028	5784	
-11308	-11044	6232	
-10288	-10576	5476	
-10096	-10484	5284	
-10032	-9988	5160	
-10180	-9704	3756	
-13120	-9508	5404	
-10784	-10252	5960	
-9452	-10364	4488	
-11628	-9856	4184	
-11984	-9016	4660	
-11440	-10564	4952	
-11056	-10580	5140	
-12348	-9792	4664	
-12688	-10140	4620	
-13244	-10948	5328	
-11952	-11024	6860	
-12620	-10588	6224	
-13504	-11376	5628	
-13864	-10776	6668	
-12684	-10944	6664	
-10672	-12036	6060	
-13000	-11796	7768	
-11420	-11012	7888	
-12012	-11536	6976	
-11896	-11276	6760	
-11808	-11340	6900	
-11548	-11232	7124	
-11108	-11140	7276	
-11252	-11156	7152	
-11096	-10924	7012	
-11280	-10928	6932	
-11388	-11052	6744	
-10968	-11156	6104	
-10624	-10836	5164	
-10704	-10580	4896	
-11132	-10560	6352	
-11344	-10516	7232	
-11864	-10548	7732	
-11692	-10624	7740	
-11596	-10684	7524	
-11500	-10872	7736	
-11556	-10996	7652	
-11876	-11100	7828	
-12456	-10980	7736	
-12520	-10780	7348	
-13416	-11136	7392	
-13804	-10708	7260	
-13240	-10788	6756	
-13472	-10368	6524	
-13508	-10272	6152	
-13640	-9804	6024	
-11656	-10020	5248	
-10860	-9260	5100	
-11740	-8932	5432	
-11100	-8632	5620	
-10372	-8520	5764	
-10352	-8488	5732	
-9628	-8044	5452	
-9724	-7876	5544	
-9120	-7548	5296	
-8504	-7608	5024	
-9296	-7392	5396	
-9060	-7356	5256	
-9064	-7392	5444	
-9572	-7288	5716	
-9588	-7048	5752	
-9180	-7368	5656	
-8940	-7496	5488	
-9168	-7388	5752	
-9112	-7420	6144	
-9128	-7600	6392	
-9232	-7644	6832	
-10532	-7768	6632	
-8864	-7988	6972	
-9432	-8072	6716	
-8520	-8576	7336	
-10620	-8088	8356	
-9940	-8324	8056	
-11004	-8740	8080	
-10068	-8920	8480	
-10248	-9092	8780	
-10208	-9040	8892	
-10084	-9180	8940	
-10480	-9164	8920	
-10336	-9548	9384	
-10608	-9540	9824	
-10360	-9536	9476	
-10368	-9752	9356	
-10568	-9980	9400	
-11036	-9856	9616	
-10564	-9960	8828	
-10772	-10124	9116	
-10848	-9784	8868	
-11368	-9724	8828	
-11412	-9372	8592	
-11024	-8876	7756	
-11168	-9004	7572	
-11468	-8828	7768	
-10564	-8456	7240	
-10516	-8264	6920	
-10872	-8024	6824	
-10924	-7680	6788	
-10796	-7600	6584	
-10632	-7404	6460	
-10956	-7276	6328	
-11396	-7264	6336	
-10892	-7136	6344	
-10196	-6984	6068	
-9924	-6776	6024	
-10036	-6760	6300	
-9856	-7312	5268	
-9108	-7004	2776	
-9712	-6600	4944	
-10380	-6988	6732	
-11152	-7332	7288	
-10228	-7416	7268	
-10400	-7392	7580	
-10420	-7544	7956	
-10568	-7532	8344	
-11376	-8076	9000	
-10284	-8224	8968	
-11124	-8216	9356	
-10736	-8720	9088	
-10440	-8952	8516	
-11348	-8892	8548	
-10868	-9108	9216	
-11640	-9288	9752	
-12056	-9344	9232	
-11772	-9276	8764	
-11780	-9516	8652	
-12196	-9008	8416	
-12296	-9120	7948	
-11760	-8980	7980	
-11524	-8916	8044	
-12700	-8952	8216	
-12544	-8788	7968	
-11444	-8928	7720	
-10836	-8860	7924	
-12396	-8704	8400	
-11028	-8912	8308	
-12120	-8552	8188	
-10284	-8240	7856	
-10796	-8272	8112	
-11268	-8132	8128	
-11000	-8112	7924	
-10856	-8188	8024	
-10604	-8020	8376	
-11268	-8052	8676	
-11256	-8108	8408	
-10524	-7944	8320	
-10868	-7884	8728	
-10544	-7632	8216	
-10184	-7644	8116	
-10076	-7468	8156	
-10296	-7500	8572	
-10612	-7416	8424	
-10044	-6996	7700	
-10352	-6948	7228	
-9844	-6916	7772	
-10216	-6936	8628	
-9904	-6952	7884	
-9588	-6640	7716	
-10608	-6788	8092	
-10744	-6956	8204	
-10284	-7220	8104	
-9112	-6988	7684	
-9668	-6984	7712	
-10408	-7256	8420	
-9836	-7316	8764	
-9632	-7332	8236	
-9576	-7316	8208	
-9892	-7280	8284	
-9620	-6544	7372	
-10720	-6720	7212	
-9784	-6900	7608	
-8880	-6960	7960	
-10052	-7284	8116	
-9276	-7192	8228	
-12008	-7700	9028	
-7656	-7744	8532	
-12020	-8144	8996	
-8356	-7500	8680	
-12012	-8308	8628	
-10616	-8296	9496	
-11704	-8460	9916	
-9868	-8472	8932	
-11700	-8452	9136	
-11452	-8832	9712	
-10656	-8388	9628	
-11020	-8816	9364	
-11672	-8904	9400	
-11056	-8528	9248	
-10096	-8628	8660	
-9996	-8124	8844	
-11280	-8444	9004	
-9844	-8020	8648	
-12000	-7936	8492	
-9584	-8072	8736	
-9488	-7948	8284	
-11416	-7688	8724	
-11060	-8008	8948	
-10708	-7828	8472	
-12152	-8192	8876	
-10092	-7964	8516	
-12184	-8084	9144	
-11112	-8432	9148	
-10544	-8092	9136	
-12292	-8124	9372	
-11432	-8364	8916	
-10188	-7972	9184	
-10856	-7720	8868	
-11256	-8216	9036	
-11448	-7808	9012	
-11056	-7676	8832	
-11176	-7480	8816	
-11492	-7488	9356	
-11104	-7684	8400	
-11600	-7568	9160	
-11940	-7904	9408	
-10960	-7660	9280	
-12980	-8436	8972	
-13184	-7776	9704	
-13360	-8020	10096	
-12440	-8132	9288	
-13892	-8828	9520	
-14356	-9468	9724	
-14844	-9708	10012	
-14092	-9416	10116	
-14804	-9732	10300	
-15272	-11028	9972	
-14676	-10576	10372	
-14928	-10524	10856	
-16392	-12576	10508	
-14212	-11708	9916	
-17016	-11968	11020	
-15520	-11496	11132	
-16076	-12288	10336	
-15772	-11928	10160	
-14664	-12260	9764	
-14960	-11492	9808	
-13520	-10876	9668	
-12892	-11016	9632	
-12516	-10888	9636	
-12728	-10432	9712	
-12528	-9832	9312	
-10120	-9572	9208	
-10792	-9044	9404	
-10180	-8600	9136	
-10268	-8568	9364	
-9700	-8252	9388	
-9456	-8148	9228	
-9288	-7720	9036	
-9444	-7656	8932	
-9232	-7368	8972	
-8748	-7164	8540	
-8504	-6868	8564	
-8868	-6552	8268	
-9060	-6412	8060	
-8840	-6072	7528	
-10176	-6472	8104	
-10104	-6436	8108	
-9348	-6220	7472	
-10048	-6008	7504	
-9784	-6260	6996	
-9396	-6096	6992	
-8540	-5644	6616	
-8576	-5616	6484	
-8688	-5608	6632	
-8508	-5644	6544	
-9040	-5612	6400	
-9308	-5664	6300	
-9648	-5792	6148	
-10056	-5924	6264	
-10736	-5912	6356	
-10272	-6160	6364	
-11072	-6268	6672	
-11028	-6724	6432	
-11368	-6316	6884	
-11092	-6460	6552	
-10756	-6844	6180	
-10628	-6556	6408	
-11324	-7060	6924	
-13000	-6808	7492	
-10092	-6880	6336	
-9936	-6812	6088	
-11176	-7140	6824	
-11800	-6900	7300	
-11064	-7008	7008	
-10188	-7080	7060	
-11916	-6800	7072	
-10880	-7088	7020	
-11544	-7136	7184	
-11400	-6960	7112	
-12164	-7292	7268	
-12964	-7268	7440	
-12292	-7252	7196	
-12732	-7636	7272	
-12160	-7652	7244	
-13772	-7752	7572	
-13512	-7772	8024	
-14776	-8184	8120	
-12640	-8064	7368	
-13396	-7916	7868	
-13412	-8292	7776	
-15156	-8244	8216	
-12788	-8080	7740	
-13492	-8012	7596	
-13340	-8224	7424	
-13428	-8340	7612	
-14180	-8028	8140	
-14240	-8596	8260	
-12408	-8304	8040	
-13328	-7544	7232	
-12056	-8072	7344	
-12464	-7656	8072	
-13012	-7756	8332	
-11776	-7692	8196	
-12048	-7940	8080	
-12044	-7708	8320	
-11868	-7500	8312	
-12076	-7216	8056	
-12004	-7104	8128	
-11400	-6952	7980	
-11436	-6932	8004	
-11120	-6864	7892	
-11636	-6392	7716	
-10676	-6728	7356	
-10764	-6396	7652	
-11128	-6440	7828	
-11596	-6360	8036	
-10936	-6420	7664	
-11040	-6372	7520	
-10964	-6248	7696	
-11100	-6268	7988	
-11292	-6384	8072	
-11464	-6380	7892	
-11468	-6412	7996	
-11424	-6568	7828	
-11352	-6448	7840	
-11756	-6392	7844	
-11684	-6404	7684	
-11356	-6420	7760	
-11408	-6416	7748	
-11492	-6332	7708	
-11528	-6316	7588	
-11508	-6300	7616	
-11580	-6360	7572	
-11548	-6428	7516	
-11684	-6324	7696	
-11552	-6440	7800	
-11588	-6408	7804	
-11712	-6572	7788	
-11680	-6568	7664	
-11760	-6628	7828	
-11768	-6680	7972	
-11924	-6712	7940	
-11824	-6824	7904	
-11888	-6872	7984	
-11964	-6928	8204	
-12024	-6988	8084	
-12056	-6984	8108	
-12084	-7084	8164	
-12184	-7048	8260	
-12004	-7240	8140	
-12052	-7196	8408	
-12188	-7312	8312	
-12196	-7304	8236	
-12180	-7224	8300	
-12104	-7260	8320	
-12108	-7212	8348	
-12124	-7324	8384	
-12096	-7304	8072	
-12068	-7136	8152	
-11944	-7060	8096	
-11928	-7036	8140	
-11876	-7000	8220	
-11796	-6956	8124	
-11796	-6864	8176	
-11884	-6840	8116	
-11780	-6892	8040	
-11976	-6772	7988	
-11976	-6744	7856	
-11864	-6792	7952	
-11956	-6780	7944	
-12096	-6664	7908	
-12128	-6680	7912	
-12172	-6616	7812	
-12052	-6752	7828	
-12136	-6680	7744	
-12252	-6652	7824	
-12224	-6768	7724	
-12264	-6704	7676	
-12268	-6756	7732	
-12244	-6720	7676	
-12252	-6708	7684	
-12196	-6760	7748	
-12244	-6676	7684	
-12092	-6692	7888	
-12144	-6808	7784	
-12000	-6872	7872	
-12084	-6828	8000	
-12044	-6784	7992	
-12012	-6844	8076	
-11964	-6932	7976	
-11924	-6832	7916	
-11924	-6880	7944	
-11816	-6904	8000	
-11924	-6952	7876	
-11944	-6808	7912	
-11924	-6836	7844	
-11792	-6740	7716	
-11876	-6824	7836	
-11792	-6852	7856	
-11740	-6764	7812	
-11660	-6780	7784	
-11740	-6696	7680	
-11604	-6980	7704	
-11644	-7000	7988	
-11596	-7064	7904	
-11652	-7096	8196	
-11612	-7140	8184	
-11764	-7224	8208	
-11560	-7232	8124	
-11840	-7304	8252	
-11624	-7220	8436	
-11784	-7232	8280	
-11788	-7352	8224	
-11740	-7256	8196	
-11736	-7252	8304	
-11640	-7240	8324	
-11516	-7324	8412	
-11572	-7372	8444	
-11448	-7276	8388	
-11548	-7356	8368	
-11420	-7436	8452	
-11560	-7388	8424	
-11524	-7468	8548	
-11608	-7424	8724	
-11640	-7448	8772	
-11648	-7508	8516	
-11628	-7328	8516	
-11528	-7472	8516	
-11660	-7420	8508	
-11580	-7308	8352	
-11620	-7240	8340	
-11588	-7088	8184	
-11568	-7104	8060	
-11564	-7204	8136	
-11524	-6964	8184	
-11876	-6956	8148	
-11748	-6916	8032	
-11732	-6956	7904	
-11708	-7060	7984	
-11640	-6968	8112	
-11828	-7060	8224	
-11772	-6936	8140	
-11712	-6924	8164	
-11520	-7000	8032	
-11728	-6936	8148	
-11568	-6880	8176	
-11564	-6836	8168	
-11692	-6916	8196	
-11700	-6952	8044	
-11652	-6912	7940	
-11576	-6920	7972	
-11564	-6840	7884	
-11648	-6860	8100	
-11716	-6908	8180	
-11760	-6960	8312	
-11628	-7012	8140	
-11756	-7160	8164	
-11844	-7104	8176	
-11668	-7088	8328	
-11812	-7240	8148	
-11808	-7112	8328	
-12000	-7148	8408	
-11856	-7068	8176	
-11644	-7044	7972	
-11660	-7052	8012	
-11792	-7040	8160	
-11596	-6928	8140	
-11632	-7128	8032	
-11648	-6960	8064	
-11836	-6956	8052	
-11840	-6968	8024	
-11872	-7000	7828	
-11928	-6972	8052	
-12080	-6988	8068	
-12044	-6968	7868	
-12272	-7012	7868	
-11976	-7040	8020	
-11720	-6876	7960	
-12492	-6884	8028	
-11848	-6904	7856	
-11532	-6932	7944	
-11348	-6776	7888	
-11452	-6688	7800	
-11504	-6588	7660	
-12464	-6872	8184	
-11248	-6960	8056	
-11740	-6964	7976	
-11912	-7052	7896	
-11872	-7096	8088	
-12812	-7216	8276	
-11820	-7296	8224	
-12072	-7312	8388	
-11972	-7336	8004	
-12192	-7196	8188	
-12108	-7224	8116	
-11976	-7092	8120	
-12088	-7192	8024	
-12160	-7084	7936	
-12108	-7052	7888	
-12016	-7080	7884	
-11900	-7076	7912	
-11868	-7164	7852	
-11800	-7136	7960	
-11912	-7220	8136	
-11852	-7300	8060	
-11764	-7212	8068	
-11836	-7260	8084	
-11840	-7376	8272	
-11808	-7380	8188	
-11816	-7380	8200	
-11828	-7352	8236	
-11856	-7304	8332	
-11796	-7276	8180	
-11912	-7224	8108	
-11772	-7116	8048	
-11864	-7236	7908	
-11664	-7272	8160	
-11696	-7124	8220	
-11528	-7180	8296	
-11524	-7104	8240	
-11616	-7212	8240	
-11492	-7068	8064	
-11704	-7168	8056	
-11584	-7188	8216	
-11732	-7240	8276	
-11760	-7264	8268	
-11768	-7200	8136	
-11840	-7136	8148	
-11768	-7052	8160	
-11744	-7172	8204	
-11740	-7212	8272	
-11720	-7084	8148	
-11676	-7064	8100	
-11512	-7036	8164	
-11604	-6916	8076	
-11548	-6960	8136	
-11608	-6948	8136	
-11524	-7048	8088	
-11664	-6968	8268	
-11660	-6896	8364	
-11620	-6852	8036	
-11520	-6912	8160	
-11596	-6948	8356	
-11592	-6932	8304	
-11604	-6888	8312	
-11576	-6868	8348	
-11704	-6900	8052	
-11644	-6936	8148	
-11632	-6868	8080	
-11540	-6856	8004	
-11568	-6936	8148	
-11608	-6992	8148	
-11636	-6872	8216	
-11656	-6900	8064	
-11628	-6844	8120	
-11620	-6840	8040	
-11752	-6820	8132	
-11796	-6840	8228	
-11836	-6920	8128	
-11824	-6936	7984	
-11864	-7048	7928	
-11776	-7048	7956	
-11964	-7052	8020	
-11816	-7088	8016	
-11892	-6948	7956	
-11836	-6928	8072	
-11760	-7032	8072	
-11844	-6948	8068	
-11824	-6976	7908	
-11828	-6992	7920	
-11760	-6920	7932	
-11724	-7080	7964	
-11292	-6872	7888	
-12160	-6924	7832	
-12044	-6924	7884	
-11728	-6992	7908	
-11564	-6956	8000	
-11816	-6988	8000	
-12080	-6964	7900	
-12084	-7000	7944	
-11924	-7024	7996	
-11900	-7120	7892	
-11752	-6912	7772	
-11868	-6944	7964	
-11812	-6892	7916	
-11680	-6964	7964	
-11712	-6984	8132	
-11640	-7020	8220	
-11660	-7144	8288	
-11804	-7180	8456	
-11804	-7224	8472	
-11896	-7224	8392	
-11788	-7256	8564	
-11844	-7188	8316	
-11724	-7228	8164	
-11784	-7112	8220	
-11760	-7020	8164	
-11632	-7024	8192	
-11644	-6980	8204	
-11652	-7056	8188	
-11680	-6984	8088	
-11720	-7032	8044	
-11792	-7020	8120	
-11816	-7180	8164	
-11780	-7152	8172	
-11868	-7300	8364	
-11908	-7240	8140	
-11848	-7308	8248	
-11784	-7228	8492	
-11712	-7308	8148	
-11772	-7388	8268	
-11576	-7340	8296	
-11668	-7312	8196	
-11736	-7184	8084	
-11704	-7120	8128	
-11688	-7100	7876	
-11572	-7072	7924	
-11732	-6920	8020	
-11684	-6984	7980	
-11688	-6884	7940	
-11672	-6896	8032	
-11772	-6908	7916	
-11724	-6976	8016	
-11716	-7060	8028	
-11704	-7124	8068	
-11784	-7152	8312	
-11764	-7156	8176	
-11880	-7128	8132	
-11824	-7236	8248	
-11836	-7312	8124	
-11784	-7216	8284	
-11840	-7424	8180	
-11828	-7260	8252	
-11676	-7168	8268	
-11748	-7228	7956	
-11628	-7124	8192	
-11612	-7072	8164	
-11684	-7016	7940	
-11612	-7072	8148	
-11616	-7036	8100	
-11536	-7068	7960	
-11680	-7088	8084	
-11708	-7068	8200	
-11832	-7056	8216	
-11784	-7104	8148	
-11900	-7112	8196	
-11776	-7032	8248	
-11828	-6960	8016	
-11768	-7032	8144	
-11668	-7036	8068	
-11676	-6976	7968	
-11728	-6960	7892	
-11636	-6948	8132	
-11732	-6876	8112	
-11656	-6820	8248	
-11604	-6884	8072	
-11696	-7012	8240	
-11688	-7080	8172	
-11632	-7188	8276	
-11736	-7196	8260	
-11892	-7164	8320	
-11780	-7228	8372	
-11804	-7260	8316	
-11872	-7336	8296	
-11904	-7236	8392	
-11928	-7184	8324	
-11916	-7200	8096	
-11872	-7088	8120	
-11848	-7124	8052	
-11768	-7080	8212	
-11856	-7044	8040	
-11792	-7076	7844	
-11912	-7040	8020	
-11804	-7048	8152	
-11816	-6976	8060	
-11824	-6932	8056	
-11816	-6988	7896	
-11696	-7044	8152	
-11732	-7004	8088	
-11644	-7084	8296	
-11668	-7072	8052	
-11608	-7120	8224	
-11620	-7088	8216	
-11484	-7028	8196	
-11520	-7100	8116	
-11576	-6968	8212	
-11472	-6984	8172	
-11560	-6996	8080	
-11488	-6992	8108	
-11528	-7100	8180	
-11556	-7128	8080	
-11492	-7112	7920	
-11580	-7024	8156	
-11596	-7196	8272	
-11672	-7180	8288	
-11628	-7060	8388	
-11740	-7068	8068	
-11556	-7052	8048	
-11640	-7052	8120	
-11556	-7048	8296	
-11608	-6944	8032	
-11528	-6968	7952	
-11576	-6928	7928	
-11580	-6972	7960	
-11596	-6944	8092	
-11676	-7060	8064	
-11608	-7052	8140	
-11808	-6948	8144	
-11772	-7000	8168	
-11756	-7104	8116	
-11808	-7120	8232	
-11840	-7080	8220	
-11840	-7184	8224	
-11764	-7172	8140	
-11760	-7136	8000	
-11860	-7136	8144	
-11752	-7112	8076	
-11812	-7084	8192	
-11732	-7120	8104	
-11696	-7204	8096	
-11592	-7032	8104	
-11840	-7096	8000	
-11788	-7072	8276	
-11772	-7080	8240	
-11900	-7100	8156	
-11800	-7060	8172	
-11792	-7032	8160	
-11772	-7108	8160	
-11728	-7056	8080	
-11776	-7012	8108	
-11684	-7004	8008	
-11752	-6956	8108	
-11808	-7012	8064	
-11728	-7012	8100	
-11824	-6948	8080	
-11820	-6964	8052	
-11828	-6988	8200	
-11772	-7068	8132	
-11772	-7180	8104	
-11816	-7048	8008	
-11972	-7072	8096	
-11824	-7136	8068	
-11756	-7100	8168	
-11592	-7132	8100	
-11788	-7060	8048	
-11716	-7036	8240	
-11696	-7092	8140	
-11724	-7000	8164	
-11604	-7040	8044	
-11396	-6956	8192	
-11564	-6980	8236	
-11488	-7052	8180	
-11576	-7084	8156	
-11492	-7064	8312	
-11708	-7124	8416	
-11708	-7156	8520	
-11700	-7172	8264	
-11544	-7176	8328	
-11692	-7160	8276	
-11848	-7108	8296	
-11792	-7020	8360	
-11584	-7180	8264	
-11720	-7216	8136	
-11844	-7148	8152	
-11848	-7144	8108	
-11736	-7228	7988	
-11940	-7212	8260	
-11848	-7256	8220	
-11724	-7148	8192	
-11824	-7112	8332	
-11856	-7132	8208	
-11660	-7132	8240	
-11636	-7084	8216	
-11640	-7052	8128	
-11692	-7012	8196	
-11548	-7080	8080	
-11588	-7040	8044	
-11604	-7012	7964	
-11640	-7012	7956	
-11524	-6996	8052	
-11568	-7044	8064	
-11408	-7076	8104	
-11544	-7116	8164	
-11640	-7084	8168	
-11728	-7140	8336	
-11624	-7032	8176	
-11764	-7112	8092	
-11736	-7052	8272	
-11724	-7104	8172	
-11808	-7048	8192	
-11772	-7008	8140	
-11924	-7100	7960	
-11984	-7112	8076	
-12008	-7028	8036	
-12052	-7032	8132	
-12064	-6996	8140	
-11992	-6972	8208	
-12032	-6964	8068	
-12012	-6964	7936	
-12036	-7004	7840	
-11988	-6892	7868	
-11812	-6872	7980	
-11848	-6896	7856	
-11724	-6780	7884	
-11556	-6812	7928	
-11628	-6824	7988	
-11764	-6880	8032	
-11712	-6860	8080	
-11648	-6752	8100	
-11696	-6868	8156	
-11796	-6760	8060	
-11664	-6952	8016	
-11684	-6980	8148	
-11680	-6880	8120	
-11676	-6952	8040	
-11680	-6876	7992	
-11676	-7008	8024	
-11600	-6928	8084	
-11664	-6880	8060	
-11784	-6948	8108	
-11720	-6964	8200	
-11716	-7004	8044	
-11796	-7004	8212	
-11656	-7128	8108	
-11760	-7120	8188	
-11824	-7156	8360	
-11872	-7108	8060	
-11800	-7140	8304	
-11976	-7168	8104	
-11884	-7320	8148	
-11900	-7180	8272	
-11820	-7236	8160	
-11932	-7196	8068	
-11900	-7256	8172	
-11840	-7148	8276	
-11896	-7132	8100	
-11736	-7000	8208	
-11772	-6976	8044	
-11820	-7008	8056	
-11768	-7064	8080	
-11684	-7016	8068	
-11728	-7024	8368	
-11652	-7044	8024	
-11604	-7004	8308	
-11760	-6952	8216	
-11612	-6976	8112	
-11624	-6832	7996	
-11676	-6908	8068	
-11580	-6892	8072	
-11548	-6924	8120	
-11548	-6884	7980	
-11576	-6948	8036	
-11508	-6872	8024	
-11584	-6888	7980	
-11596	-6932	8104	
-11588	-6912	8156	
-11620	-6872	8096	
-11760	-6856	8128	
-11664	-6944	8156	
-11716	-7036	7868	
-11728	-6940	8072	
-11704	-6944	8124	
-11760	-6956	8220	
-11684	-6968	8080	
-11692	-7124	8216	
-11748	-7112	8192	
-11736	-7064	8088	
-11860	-7048	8120	
-11824	-7044	8208	
-11892	-7036	8080	
-11868	-7020	8180	
-11892	-7000	8040	
-11884	-6920	7908	
-11884	-6780	8020	
-11880	-6756	7972	
-11948	-6896	7916	
-11904	-6772	7872	
-11820	-6880	7992	
-11796	-6900	7884	
-11896	-6876	7984	
-11868	-6780	8064	
-11796	-6896	8152	
