4440	-10264	10628	
-4548	-10168	10552	
-4384	-10108	10436	
-4464	-10348	10464	
-4516	-10428	10720	
-5036	-10356	10732	
-5116	-10468	11080	
-5252	-10484	11088	
-5228	-10616	11236	
-5164	-10676	11276	
-5432	-10360	11380	
-5252	-10340	11284	
-4960	-10740	11748	
-5088	-10792	11892	
-4996	-10568	11620	
-4868	-10628	11724	
-4816	-10604	11588	
-4812	-10604	11524	
-5008	-10816	11300	
-5124	-10592	11220	
-4724	-10680	11120	
-4580	-10616	10956	
-4460	-10600	10784	
-4396	-10468	10732	
-4296	-10472	10308	
-4284	-10480	10164	
-4104	-10384	9888	
-3956	-10484	9612	
-4008	-10508	9400	
-3960	-10504	9600	
-4160	-10588	9640	
-4152	-10500	9688	
-4068	-10548	9556	
-4092	-10772	9768	
-4164	-10740	10092	
-4132	-10896	10228	
-4200	-10860	10440	
-3924	-10996	10804	
-3988	-11116	11104	
-3900	-11176	11184	
-4128	-11192	10968	
-3824	-11196	11076	
-3168	-10804	11216	
-3692	-11220	11712	
-4052	-11288	11856	
-4192	-11532	12040	
-4648	-11736	12368	
-4564	-11700	12504	
-4192	-11512	12528	
-4828	-11804	12524	
-4912	-11880	12616	
-4784	-11796	12692	
-4484	-11792	12492	
-4432	-11748	12152	
-3976	-11512	11888	
-4244	-11580	12004	
-4632	-11448	11704	
-3996	-11532	11568	
-3052	-11388	11248	
-3716	-11400	10984	
-4168	-11276	10948	
-3876	-11528	10948	
-3872	-11464	10880	
-3580	-11476	10656	
-4064	-11240	10512	
-4272	-11304	10096	
-3064	-11252	9892	
-3896	-11276	9592	
-3952	-11348	9512	
-4256	-11204	9328	
-2932	-11252	9140	
-3804	-11276	9152	
-4832	-11156	8932	
-3204	-11580	8932	
-4172	-11592	9092	
-4024	-11296	9296	
-4344	-11556	9588	
-3312	-11620	9800	
-3620	-11572	10192	
-3748	-11432	10356	
-2920	-11772	10344	
-2560	-11632	10344	
-3060	-11952	10308	
-3240	-11996	10584	
-3312	-11916	10920	
-3428	-12188	10988	
-3424	-12052	11204	
-3676	-12004	11116	
-3520	-12244	10936	
-4204	-12172	10676	
-4072	-12304	10592	
-3512	-12288	10520	
-4456	-12284	10472	
-2512	-12124	10276	
-2816	-12184	10076	
-3068	-11800	9884	
-2612	-11936	9968	
-2372	-11968	9768	
-2640	-11856	9784	
-1988	-11784	9532	
-2308	-11752	9120	
-2432	-11836	8992	
-2792	-11844	9120	
-3060	-12068	9212	
-2912	-12068	9396	
-2664	-12096	9568	
-2612	-12072	9552	
-2476	-12136	9912	
-2156	-12164	9836	
-2172	-12092	9608	
-2008	-12108	9576	
-1916	-12040	9572	
-1988	-12508	9764	
-2348	-12348	9980	
-2532	-12504	10052	
-2424	-12652	10068	
-2584	-12700	10100	
-2520	-12632	9952	
-2612	-12692	9748	
-2772	-12688	9688	
-2728	-12560	9504	
-2664	-12632	9512	
-2576	-12620	9480	
-2404	-12652	9364	
-2352	-12524	9212	
-2296	-12612	8820	
-2232	-12620	8992	
-2524	-12748	8880	
-2364	-12724	9024	
-2172	-12780	8924	
-1388	-12812	8672	
-1872	-12884	8656	
-2272	-12940	8832	
-2232	-12936	9336	
-2192	-13100	9556	
-2360	-12936	9848	
-2152	-13036	9716	
-2272	-13116	9528	
-2100	-13356	9504	
-2612	-13304	9784	
-2440	-13384	9496	
-2416	-13508	9488	
-2624	-13444	9328	
-2348	-13368	9700	
-2964	-13432	9700	
-2724	-13640	9396	
-2480	-13324	9280	
-2460	-13500	9064	
-2368	-13492	8936	
-1896	-13492	8720	
-1924	-13376	8664	
-1768	-13408	8376	
-1656	-13312	8536	
-1672	-13444	8672	
-2104	-13364	9064	
-1968	-13692	8664	
-1064	-13564	8376	
-2176	-13552	8556	
-2152	-13756	9064	
-2400	-13860	9572	
-2152	-13752	9496	
-1464	-13916	9216	
-1852	-13528	8780	
-1476	-13540	8448	
-1312	-13652	8432	
-1332	-13448	8428	
-1152	-13468	8172	
-1316	-13392	8088	
-1024	-13324	7872	
-1052	-13224	7568	
-1448	-13196	7644	
-1408	-13532	7000	
-404	-13172	6220	
-876	-13240	6068	
-1012	-13424	6460	
-1260	-13464	6892	
-1252	-13580	7552	
-1348	-13792	8188	
-1540	-13936	8080	
-1388	-14132	7864	
-896	-14128	7432	
-1688	-14296	7840	
-1952	-14364	8140	
-272	-14468	7548	
-964	-13896	7424	
-772	-14352	7676	
-1080	-14440	8040	
-1264	-14248	8592	
-1468	-14460	8728	
-1420	-14716	8516	
-1164	-14492	8244	
-852	-14736	8016	
-1064	-14572	7840	
-1208	-14736	8068	
-1348	-14892	8248	
-1124	-14788	8196	
-1252	-14980	8504	
-1428	-15028	8332	
-1052	-14480	7744	
-380	-14596	7428	
-220	-14764	7136	
-1000	-14500	7300	
-1092	-14488	7112	
-244	-14656	7200	
-704	-14720	7480	
-1284	-14744	7756	
-1476	-14932	7460	
-1264	-14704	6764	
-612	-14756	6644	
-1588	-14944	6536	
-496	-14668	6496	
-1152	-14752	6508	
-580	-14560	6360	
-296	-14420	6808	
-736	-14504	6752	
-76	-14316	6552	
72	-14312	5900	
644	-14152	5332	
220	-14428	5452	
-336	-14676	5404	
-184	-14596	5436	
-412	-14764	5448	
-544	-14892	5900	
-788	-15196	6668	
-1264	-15480	7348	
-928	-15468	7456	
-880	-15504	7524	
-564	-15732	7384	
-456	-15560	7176	
-536	-15648	7212	
-372	-15888	7584	
-156	-15780	7480	
-848	-15744	7452	
-808	-16028	6944	
528	-15660	5992	
616	-15480	5636	
-532	-15852	5864	
908	-15816	6072	
32	-15684	6076	
152	-15772	6336	
-248	-16168	7212	
1032	-15796	6160	
1204	-14996	5764	
-436	-15956	6248	
-924	-16532	6688	
-1164	-15844	6704	
-1012	-15876	6244	
-800	-15652	5392	
1052	-15060	4652	
-704	-15528	4240	
1096	-15480	4364	
424	-15308	3872	
-20	-15276	4108	
-40	-15512	4080	
1320	-15364	4160	
136	-15192	4140	
60	-15788	4368	
-844	-15912	4308	
404	-15796	4620	
-216	-15604	4428	
-1340	-15796	4316	
8	-15768	4084	
1444	-14968	3568	
1088	-15004	3292	
576	-15712	3716	
408	-15720	4156	
584	-15628	4232	
380	-15664	4224	
1124	-15456	4008	
1032	-15404	3920	
368	-15952	4112	
456	-15948	4340	
-584	-16040	4164	
1008	-15496	3856	
596	-15636	3700	
92	-15788	3864	
1192	-15608	3732	
792	-15380	3260	
1268	-15444	3204	
1996	-15468	3064	
1464	-15668	3268	
1020	-15864	3600	
844	-15828	3896	
836	-15668	3908	
600	-15832	3796	
608	-15896	3692	
724	-15880	3748	
840	-16068	3536	
920	-16028	3532	
1072	-16108	3600	
1160	-16036	3652	
1272	-15800	3488	
848	-16040	3204	
368	-15972	3276	
820	-15924	3392	
720	-15852	3252	
740	-15796	3056	
460	-15996	3096	
496	-15872	3092	
1252	-15572	2792	
1768	-15196	2408	
1332	-15412	2096	
1628	-15380	1980	
1828	-15012	1500	
1180	-14928	1340	
1192	-15008	1604	
940	-15008	1536	
972	-14648	1568	
644	-14680	1520	
1212	-14888	1568	
1020	-14732	1764	
1372	-15356	1852	
1280	-15284	1932	
1000	-15192	1756	
1132	-15656	2048	
1192	-15812	2208	
1196	-15968	2108	
1800	-16700	2496	
1016	-16024	1964	
1724	-15912	1672	
2000	-16276	1980	
1596	-16464	2368	
964	-16100	1860	
1020	-16264	1984	
1664	-16572	1848	
1188	-16156	1856	
1568	-16028	1868	
916	-16228	1924	
1600	-16044	1848	
2452	-15756	1580	
1836	-15680	1296	
1392	-15840	1364	
1284	-15724	1816	
1152	-15584	1536	
1472	-15356	1288	
1520	-15488	976	
1592	-15412	992	
1532	-15580	916	
1636	-15316	1084	
1828	-15428	1116	
1800	-15204	956	
1996	-15040	392	
2504	-14648	4	
1484	-13964	-956	
2656	-14668	-180	
2616	-14932	252	
2320	-16076	1436	
1548	-15604	1540	
2036	-16256	2384	
2576	-14772	1608	
2292	-17164	2384	
1988	-15028	988	
1956	-16948	1796	
2968	-15364	-24	
2496	-16228	864	
2368	-16284	1080	
2416	-16272	776	
2448	-16364	392	
2576	-15720	-96	
1380	-16820	1264	
1180	-16852	1028	
1584	-16024	636	
1396	-16204	696	
2144	-16156	804	
1848	-16124	656	
2332	-16044	908	
2016	-15772	324	
2000	-15680	804	
2572	-15704	176	
2016	-16052	612	
2868	-15784	272	
2400	-15848	-32	
2088	-16016	440	
1960	-15972	264	
1700	-15780	132	
2084	-16408	604	
2236	-15788	472	
1460	-16740	752	
2204	-16504	1000	
1524	-16124	-216	
2236	-15428	-704	
2452	-17072	848	
2660	-16236	-212	
2696	-15656	-648	
2352	-16336	124	
2764	-16076	224	
2016	-16232	-316	
1956	-16284	-684	
2332	-16752	176	
1988	-16628	-208	
1980	-16268	-544	
2352	-15428	-928	
1232	-16076	-780	
2164	-16384	64	
2104	-15400	-448	
1704	-15704	212	
2152	-15412	-448	
2012	-16092	-416	
2584	-15968	92	
1752	-16092	-352	
2324	-15940	-444	
2212	-16176	104	
1396	-16768	-52	
1840	-16428	-68	
1488	-16332	8	
1524	-16076	-296	
2012	-15792	-524	
1868	-16176	-200	
1836	-15984	-236	
1896	-16276	-148	
1652	-16376	56	
1480	-16244	-612	
2604	-15636	-1176	
2552	-15888	-1092	
3204	-14904	-1968	
2512	-14988	-1832	
1884	-15216	-1348	
1624	-15548	-1564	
2292	-15700	-924	
1532	-15996	-528	
1444	-15820	-436	
1984	-15924	-244	
2244	-15376	-900	
2732	-16324	412	
3152	-15300	-1136	
2768	-15504	-968	
2948	-15712	-964	
2980	-15548	-1484	
2672	-15524	-1768	
2128	-15436	-1824	
2156	-15560	-1596	
2848	-15540	-1100	
3060	-15572	-1320	
2576	-16168	-1388	
2268	-16240	-1464	
1760	-16032	-1552	
2068	-15692	-1300	
1264	-15872	-1268	
1628	-16280	-1148	
3064	-16164	-736	
2580	-15908	-584	
2384	-15728	-1336	
3616	-15448	-1276	
3680	-15028	-1508	
2668	-16116	-1308	
2800	-15892	-1112	
2568	-16012	-1192	
2476	-15972	-1560	
2692	-16112	-1276	
2092	-16092	-1700	
2488	-16028	-1012	
2180	-16076	-1256	
2348	-16232	-1100	
2096	-16772	-656	
2472	-16204	-588	
2520	-15860	-1520	
2788	-15584	-1836	
2828	-15432	-2260	
1696	-14984	-3780	
3416	-15912	-2260	
2668	-15100	-2380	
2216	-15936	-1800	
2264	-15920	-2124	
2332	-15908	-1636	
2440	-15876	-1028	
2300	-15640	-1492	
3104	-15540	-1676	
2888	-15224	-1964	
2504	-15308	-2324	
2548	-15548	-1764	
2416	-15928	-2316	
2344	-15680	-2688	
2500	-15600	-2672	
2020	-15492	-2964	
3060	-14812	-2788	
2180	-15732	-2476	
2844	-15692	-2528	
2960	-15740	-2480	
2608	-16112	-2008	
2236	-16428	-2280	
2168	-16584	-1848	
2048	-16928	-1424	
2004	-16760	-1508	
2132	-16228	-1500	
2608	-16240	-1776	
2532	-16016	-2180	
2840	-15748	-2420	
2980	-15656	-2412	
2688	-15488	-2684	
2512	-15784	-2392	
3008	-15548	-2860	
2504	-15344	-2860	
3092	-15268	-2644	
2048	-15240	-2728	
2940	-15780	-2244	
2212	-15420	-2476	
2600	-15848	-1800	
2364	-15652	-2196	
2476	-15616	-2200	
2692	-15608	-2224	
2636	-15468	-2348	
2832	-15528	-2408	
2504	-15552	-2412	
2460	-15408	-2656	
3072	-15496	-2836	
3604	-15216	-2512	
2644	-15320	-2760	
3032	-15428	-2520	
2860	-15396	-2720	
2664	-15584	-2676	
2576	-15692	-2480	
2560	-15520	-2624	
2620	-15420	-2716	
2940	-15404	-2892	
2824	-15484	-3184	
2660	-15528	-3044	
2912	-15572	-2904	
2924	-15724	-2516	
2776	-15848	-2672	
2832	-16140	-2568	
2472	-15836	-2900	
2884	-15720	-3096	
3068	-15420	-3256	
2768	-15648	-3080	
2488	-16212	-2504	
1584	-16100	-3356	
2904	-16020	-3244	
3260	-15808	-3108	
3328	-15276	-3004	
2272	-15872	-3280	
2388	-15592	-3208	
2508	-16016	-2680	
1412	-15980	-2920	
2364	-15408	-3108	
2864	-14788	-3284	
2848	-14668	-3132	
2820	-14708	-3496	
2920	-14640	-3616	
2844	-14668	-3476	
2716	-14824	-3180	
2468	-15040	-2824	
2316	-15180	-2540	
2400	-15072	-2728	
2484	-15220	-2760	
2476	-15084	-2900	
2564	-15140	-3128	
2756	-15024	-3308	
3072	-15148	-3144	
2144	-15132	-3168	
2428	-15464	-2884	
2728	-15604	-2968	
2536	-15888	-3032	
2420	-15624	-2960	
2692	-15544	-3016	
2844	-15536	-3132	
2924	-15488	-3164	
2876	-15432	-3324	
2676	-15372	-3320	
2504	-15600	-3164	
2396	-15828	-3008	
2476	-15924	-2988	
2504	-16000	-3020	
2428	-15952	-3080	
2572	-15796	-3332	
2784	-15792	-3552	
2940	-15584	-3852	
2944	-15472	-3904	
2848	-15404	-4116	
3004	-15368	-4012	
2868	-15364	-4092	
2500	-15336	-3904	
2612	-15268	-3964	
2680	-15332	-3736	
2492	-15464	-3452	
2516	-15432	-3292	
2504	-15524	-3408	
2584	-15540	-3332	
2796	-15544	-2852	
2896	-15636	-2744	
3048	-15568	-3224	
2952	-15408	-3284	
2920	-15352	-3668	
2876	-15516	-3292	
2840	-15724	-3248	
2804	-15852	-3160	
2436	-16008	-3048	
2972	-15776	-3292	
3476	-15396	-3916	
3452	-15496	-3616	
2904	-15852	-3164	
2336	-15960	-2808	
2104	-16084	-2748	
1932	-15940	-3152	
2396	-15632	-3400	
2860	-15272	-3628	
2772	-15108	-3692	
2764	-15084	-3772	
2580	-15196	-3776	
2744	-15444	-3620	
2508	-15636	-3552	
2496	-15864	-3216	
2896	-15932	-3000	
3132	-15776	-3332	
3088	-15456	-3616	
3104	-15280	-3952	
2824	-14960	-4260	
2924	-14884	-3888	
3004	-15152	-3772	
2652	-15052	-3920	
2736	-15180	-3868	
2652	-15204	-3904	
2488	-15084	-4396	
2984	-15372	-3804	
1908	-15272	-4068	
2540	-15344	-3712	
3064	-15548	-3324	
2508	-15216	-4012	
3288	-15416	-3180	
3236	-15636	-3052	
3124	-16040	-3196	
2552	-15568	-3676	
2860	-15480	-3776	
2784	-15380	-3656	
2708	-15480	-3524	
2664	-15704	-3300	
2844	-15784	-3584	
2940	-15716	-3832	
2900	-15660	-3776	
2812	-15656	-3600	
2824	-15684	-3496	
2816	-15684	-3492	
2896	-15680	-3332	
3000	-15628	-3316	
2952	-15680	-3376	
2952	-15780	-3616	
2908	-15704	-3680	
2840	-15560	-3512	
3040	-15640	-3520	
3000	-15748	-3432	
2812	-15764	-3400	
2928	-15880	-3324	
2864	-15784	-3244	
3028	-15756	-3244	
2884	-15688	-3396	
2732	-15652	-3324	
2788	-15720	-3504	
2652	-15596	-3616	
2800	-15548	-3468	
2872	-15468	-3636	
2824	-15504	-3392	
2788	-15404	-3348	
2776	-15416	-3340	
2820	-15364	-3500	
2744	-15392	-3396	
2740	-15436	-3348	
2688	-15372	-3356	
2704	-15272	-3492	
2820	-15236	-3404	
2816	-15292	-3444	
2928	-15272	-3332	
2772	-15264	-3460	
2740	-15444	-3228	
2744	-15508	-3008	
2744	-15556	-3080	
2756	-15640	-3020	
2728	-15772	-2960	
2768	-15684	-2884	
2692	-15764	-2884	
2520	-15696	-2756	
2260	-15784	-2588	
2288	-15824	-2620	
3160	-15472	-3616	
2880	-15504	-3700	
3064	-15336	-3868	
2640	-15472	-3456	
2576	-15508	-3160	
2516	-15628	-2920	
2564	-15544	-2780	
2680	-15500	-2868	
2964	-15516	-2796	
2848	-15432	-3032	
2968	-15848	-2312	
2524	-15848	-2256	
2284	-16020	-1880	
2580	-16008	-1776	
2432	-16032	-1716	
2372	-15848	-2172	
2072	-16312	-1480	
1720	-16516	-896	
1936	-16696	-744	
1900	-16220	-1224	
2440	-16432	-1108	
1412	-17036	-196	
588	-18316	2100	
456	-17864	1672	
320	-17860	1244	
2904	-17824	1860	
40	-17472	444	
1164	-17200	888	
3104	-17644	2180	
1888	-17216	2040	
2464	-17620	1868	
1000	-18564	3264	
1224	-18804	4420	
-592	-19984	6620	
-688	-18532	5256	
1688	-20148	8036	
-460	-20716	3232	
1972	-18908	1284	
1836	-20956	3992	
2436	-21992	5468	
4512	-20908	4640	
3344	-20200	3156	
3404	-19044	1888	
2412	-17804	-548	
908	-16764	-2700	
1172	-15916	-3860	
2228	-15168	-4920	
3068	-14224	-5868	
3556	-13708	-6364	
3896	-13148	-6440	
4196	-12572	-6044	
4184	-12200	-5580	
4340	-12068	-5084	
3964	-12160	-4656	
3324	-12436	-4528	
2768	-12564	-4236	
2516	-12768	-4176	
2564	-13164	-4196	
2272	-13340	-4340	
2364	-13512	-3944	
4600	-15876	-2548	
1200	-14916	-2128	
2676	-13080	-2816	
3564	-14608	-2080	
2720	-14920	-720	
2376	-14708	-28	
1592	-15232	276	
1676	-15368	840	
2384	-15740	1120	
1980	-15944	1616	
1524	-16056	1904	
944	-16268	2140	
1404	-16264	2700	
1092	-16940	3320	
1192	-16872	3864	
1520	-16832	3924	
1236	-17052	4140	
1556	-16764	4192	
1540	-16988	4408	
1228	-16800	4552	
1376	-16700	4600	
1348	-16484	4672	
1916	-16396	5468	
732	-16680	4836	
1224	-16456	3856	
1628	-16056	3696	
1192	-16324	4496	
1464	-15820	5732	
-1028	-16392	6308	
-140	-16064	6872	
-304	-15964	7136	
-168	-15920	6344	
388	-15200	6504	
-68	-16160	7124	
-828	-16352	7016	
-204	-15552	6548	
928	-15480	6216	
600	-15716	6096	
-220	-15456	5808	
236	-15524	5412	
768	-15844	5688	
900	-15644	5524	
912	-15760	5452	
588	-15996	5232	
392	-15696	4860	
220	-15612	4688	
528	-15532	5240	
-1024	-16060	4772	
-260	-15160	4212	
768	-15672	4364	
924	-15592	4256	
676	-15788	4368	
844	-14812	3896	
160	-14976	3840	
176	-14728	4008	
672	-15552	4220	
920	-13848	3444	
388	-14120	3464	
168	-13848	3528	
392	-14128	3936	
-204	-13856	3808	
-908	-13708	4276	
-748	-13428	4332	
-1636	-13364	4228	
-1216	-13348	4632	
-1152	-13352	4668	
-1172	-13208	4656	
-868	-13220	4688	
-1012	-13396	4660	
-880	-13412	4768	
-788	-13448	4812	
-560	-13380	4932	
-812	-13504	5548	
-988	-13608	6260	
-1536	-13636	6956	
-1608	-13784	7864	
-2152	-13612	8036	
-1760	-13752	8376	
-1588	-13800	8108	
-1404	-13948	8060	
-1076	-13960	8184	
-1124	-14196	7904	
-504	-13916	7544	
-600	-14148	7320	
-920	-14400	8112	
-1460	-14724	8144	
-1308	-13980	8436	
-1812	-14756	8856	
-2812	-14588	9468	
-2652	-14492	10460	
-3492	-14612	10600	
-3732	-14776	10788	
-2616	-14136	10504	
-2420	-14088	9872	
-1732	-14244	9752	
-1284	-13944	8384	
-1564	-14032	7776	
832	-12532	7028	
-124	-13168	6804	
-720	-13084	7052	
-1732	-13680	6644	
-1096	-12348	6516	
-1128	-12132	6416	
-1164	-12984	6436	
-2864	-12296	6424	
-2268	-12732	6908	
-2940	-12856	6796	
-1724	-12660	6796	
-2192	-12356	6512	
-2764	-12124	6708	
-2644	-12608	7236	
-3192	-12648	7516	
-3108	-12812	7616	
-2444	-12504	7744	
-2784	-12320	8000	
-3100	-12848	7832	
-2288	-12388	8124	
-3636	-12624	8380	
-2868	-12716	8752	
-3536	-12784	8944	
-2480	-12684	9472	
-4348	-12420	9368	
-3536	-12728	9500	
-3304	-13168	9472	
-3484	-12964	9444	
-3588	-12940	9780	
-4820	-13024	10600	
-4628	-13344	11360	
-4340	-13436	11984	
-4364	-13328	12000	
-4412	-13200	11732	
-4408	-13200	11732	
-4204	-13228	11532	
-4148	-13100	11100	
-4020	-13132	11012	
-3896	-13220	10736	
-4188	-13188	10620	
-3532	-13016	10264	
-4080	-12732	10328	
-2904	-12500	10516	
-3796	-12996	10412	
-3704	-12516	11016	
-4712	-12564	11336	
-3912	-11996	11460	
-4132	-12552	11424	
-4680	-12768	11164	
-4284	-12468	10700	
-4008	-12444	10464	
-4252	-12344	10036	
-4080	-12128	9788	
-4236	-12128	9928	
-4056	-11760	9776	
-4028	-11936	9784	
-4208	-11464	9760	
-4024	-11224	9540	
-3320	-11716	9760	
-4104	-11440	9784	
-3964	-11632	9736	
-4168	-11548	9616	
-3312	-11296	9692	
-3648	-11688	9892	
-4204	-11568	10300	
-3684	-11600	10516	
-3592	-11780	10396	
-3408	-11792	10420	
-3956	-11260	10364	
-3880	-11392	10296	
-3376	-11464	10284	
-3388	-11416	10148	
-3868	-11244	9852	
-4028	-11284	9876	
-4204	-11360	10100	
-4320	-11320	9972	
-4140	-11324	9932	
-4236	-11328	9928	
-4332	-11260	10056	
-4592	-11276	9888	
-4688	-11332	10188	
-4644	-11440	10356	
-4700	-11360	10556	
-4560	-11388	10592	
-4468	-11556	10676	
-4604	-11488	10848	
-4828	-11380	10996	
-4692	-11672	11144	
-4488	-11716	11392	
-4452	-11548	11856	
-4488	-11632	12016	
-4612	-11600	12096	
-4812	-11680	12264	
-5028	-11840	12360	
-5024	-11788	12520	
-5344	-12008	12504	
-6400	-12268	12448	
-5572	-11412	11836	
-4776	-11696	11824	
-4976	-11752	11500	
-5104	-11380	11360	
-5260	-11268	11288	
-4704	-11172	11124	
-4616	-11008	10928	
-4540	-10904	10428	
-4472	-10556	10072	
-4892	-10612	9928	
-4900	-10512	9952	
-4376	-10372	9772	
-4924	-10740	9608	
-4804	-10208	9356	
-4608	-10196	9216	
-4180	-10360	9880	
-4676	-9928	9640	
-4808	-10440	10188	
-4716	-10432	10180	
-4780	-10436	10620	
-4684	-10700	10640	
-4648	-10536	10996	
-5204	-10480	11276	
-5804	-10404	10980	
-4908	-10464	10728	
-3944	-10964	11400	
-5552	-10116	11184	
-5024	-10476	11264	
-3760	-10268	11080	
-4596	-10652	11188	
-6028	-10028	11016	
-4920	-9836	10664	
-3576	-10488	11168	
-4596	-10284	11168	
-4972	-9664	10580	
-4924	-9952	10580	
-4688	-9720	10396	
-4268	-10012	10388	
-4804	-9676	10220	
-4828	-9696	10112	
-4296	-9936	10196	
-4428	-10132	10124	
-5056	-9448	10292	
-4932	-9576	10788	
-5068	-9852	11052	
-4960	-10076	11060	
-4996	-10252	11168	
-5288	-10324	11504	
-5532	-10444	11508	
-5500	-10448	11468	
-5416	-10532	11680	
-5552	-10480	11600	
-5544	-10468	11488	
-5620	-10424	11560	
-5436	-10652	11128	
-5464	-10388	10992	
-5388	-10180	10616	
-5420	-10040	10856	
-5400	-10188	10612	
-5236	-10008	10572	
-5124	-10144	10548	
-4820	-10096	10524	
-5420	-9676	10480	
-5164	-9896	10488	
-5068	-10136	10560	
-5004	-10172	10500	
-5072	-9916	10716	
-5152	-9888	10844	
-5124	-10056	11036	
-5140	-10028	11368	
-5280	-10000	11564	
-4820	-10208	11560	
-4956	-10184	11236	
-5288	-10072	10932	
-5192	-10076	10716	
-5168	-9916	10500	
-5244	-9796	10412	
-5148	-9808	10584	
-5040	-9708	10544	
-4828	-9708	10836	
-4804	-9680	10696	
-4984	-9708	10960	
-5020	-9844	10972	
-4904	-9912	11056	
-5092	-9936	11136	
-5132	-10020	11232	
-5392	-10068	11364	
-5268	-10048	11376	
-5236	-10240	11464	
-5252	-10208	11544	
-5388	-10032	11432	
-5264	-10008	11228	
-5332	-9980	11416	
-5256	-10012	11760	
-5208	-9984	12056	
-5284	-10272	12164	
-5224	-10396	12344	
-5500	-10336	12392	
-5672	-10420	12480	
-5952	-10536	12588	
-6388	-10588	12668	
-6192	-10568	12540	
-6136	-10652	12600	
-6272	-10524	12716	
-6076	-10556	12292	
-5824	-10408	12408	
-5628	-10328	12260	
-5440	-10436	12100	
-5508	-10240	11988	
-5284	-10316	11700	
-5228	-10232	11868	
-5364	-10096	11548	
-5280	-10124	11628	
-5416	-9984	11488	
-5412	-10084	11448	
-5396	-10088	11400	
-5380	-10128	11320	
-5624	-9948	11248	
-5748	-9972	11384	
-5932	-9932	11460	
-5692	-9948	11476	
-5280	-10112	11272	
-4952	-10164	11316	
-5064	-9944	11236	
-5144	-9860	11196	
-4956	-9936	11284	
-5028	-9916	11312	
-4992	-9992	11424	
-5052	-9940	11504	
-5128	-9976	11536	
-5104	-9984	11556	
-5128	-9984	11568	
-5252	-9948	11700	
-5040	-10020	11632	
-5192	-10192	11792	
-5280	-10120	11876	
-5196	-10032	11716	
-5120	-10200	11824	
-5316	-10212	11700	
-5252	-10160	11852	
-5140	-10084	11764	
-5120	-10180	11660	
-5284	-10104	11560	
-5400	-9984	11608	
-5220	-10076	11696	
-5196	-10016	11380	
-5160	-10008	11428	
-5048	-10064	11380	
-5080	-10080	11292	
-5012	-9956	11392	
-4960	-10060	11356	
-4900	-10048	11576	
-4964	-9972	11828	
-5084	-10328	12064	
-5140	-10228	12264	
-5232	-10292	12256	
-5208	-10308	12356	
-5456	-10404	12372	
-5496	-10336	12380	
-5656	-10488	12132	
-5744	-10492	12204	
-5888	-10484	12072	
-5812	-10380	11948	
-5636	-10384	12016	
-5676	-10320	11708	
-5548	-10160	11828	
-5356	-10180	11448	
-5316	-10024	11292	
-5072	-10044	11252	
-5136	-9944	11084	
-5044	-9972	10940	
-4936	-9832	10876	
-5052	-9840	10840	
-5088	-9868	11008	
-5072	-9876	11140	
-5228	-9928	11104	
-5184	-9872	11052	
-5296	-9984	11116	
-5452	-9836	11200	
-5380	-9900	11048	
-5376	-9968	11172	
-5324	-9988	11136	
-5196	-10024	11180	
-5144	-10136	11452	
-5184	-10056	11408	
-5216	-10092	11336	
-5200	-10156	11228	
-5320	-10152	11332	
-5148	-10132	11168	
-5024	-9976	11324	
-4952	-10008	11192	
-5168	-10152	11140	
-5160	-9892	11032	
-4984	-10020	11044	
-5008	-9988	11132	
-5024	-9988	11236	
-4920	-9964	11172	
-4876	-9908	11204	
-4752	-9796	11108	
-4624	-9908	11204	
-4800	-9852	11284	
-4696	-9840	11296	
-4812	-9908	11284	
-4872	-9792	11288	
-4776	-9780	11348	
-4848	-9832	11440	
-4756	-9916	11312	
-4904	-9908	11428	
-4936	-9968	11388	
-4844	-10100	11540	
-5040	-10168	11796	
-5212	-10204	11844	
-5448	-10472	12216	
-5432	-10516	12208	
-5480	-10480	12344	
-5464	-10500	12032	
-5584	-10380	11980	
-5612	-10568	11836	
-5476	-10392	11732	
-5380	-10316	11460	
-5388	-10284	11200	
-5368	-10264	10956	
-5272	-10216	10960	
-5300	-10168	10892	
-5236	-10220	10796	
-5240	-10188	10864	
-5272	-10148	10808	
-5224	-10200	10912	
-5292	-10196	10896	
-5368	-10372	11104	
-5296	-10180	11140	
-5140	-10164	11168	
-5040	-10156	11176	
-5012	-10164	11380	
-4996	-10240	11280	
-4932	-10200	11368	
-4980	-10192	11312	
-4988	-10120	11280	
-5056	-10132	11380	
-5088	-10020	11252	
-5108	-10028	11188	
-5032	-9980	11132	
-5076	-9960	11096	
-4940	-10032	11108	
-4972	-9876	10876	
-4936	-9884	10968	
-4780	-9952	10940	
-4880	-9856	10772	
-4944	-9908	10668	
-4912	-9908	10972	
-4932	-9924	10984	
-5004	-9996	11148	
-5256	-10164	11324	
-5192	-10048	11340	
-5280	-10212	11460	
-5440	-10248	11360	
-5440	-10184	11576	
-5512	-10232	11512	
-5472	-10268	11432	
-5424	-10380	11604	
-5440	-10500	11544	
-5332	-10312	11436	
-5128	-10448	11528	
-5128	-10328	11600	
-5052	-10412	11488	
-4944	-10268	11472	
-4884	-10348	11472	
-4844	-10396	11636	
-4896	-10400	11540	
-4792	-10368	11636	
-4920	-10312	11716	
-4848	-10348	11684	
-4888	-10344	11628	
-4892	-10428	11624	
-4860	-10396	11804	
-4860	-10428	11900	
-5004	-10468	11624	
-4972	-10372	11780	
-4944	-10384	11708	
-5000	-10532	11896	
-4976	-10524	11876	
-5092	-10560	11956	
-4952	-10488	11960	
-5028	-10528	11884	
-4972	-10580	11756	
-4984	-10492	11892	
-5040	-10592	12020	
-4980	-10616	11916	
-5220	-10432	11816	
-5212	-10432	11724	
-5168	-10388	11692	
-5080	-10540	11596	
-5240	-10368	11472	
-5104	-10252	11360	
-5084	-10332	11156	
-4996	-10056	11272	
-5032	-10072	10884	
-4992	-10100	10924	
-5180	-10012	10776	
-5136	-10004	10836	
-5140	-9964	10732	
-5140	-9932	10624	
-5084	-9916	10676	
-5112	-9948	10736	
-5016	-9912	10768	
-5064	-10028	10772	
-5088	-10092	10840	
-5232	-10096	11012	
-5192	-10232	11076	
-5248	-10328	11292	
-5280	-10284	11328	
-5332	-10340	11296	
-5448	-10368	11516	
-5420	-10424	11228	
-5356	-10324	11228	
-5408	-10252	11244	
-5360	-10340	11228	
-5292	-10336	11188	
-5096	-10188	11048	
-5168	-10152	10980	
-5128	-10344	11136	
-4976	-10272	11036	
-5096	-10364	10972	
-4996	-10356	10968	
-5028	-10300	11032	
-5012	-10368	11100	
-4996	-10308	11216	
-4872	-10352	11316	
-4804	-10496	11176	
-4836	-10392	11000	
-4812	-10328	11000	
-4820	-10292	11152	
-4712	-10392	10996	
-4768	-10312	11240	
-4888	-10464	11204	
-4872	-10520	11472	
-4752	-10480	11452	
-4716	-10440	11576	
-4656	-10536	11380	
-4660	-10524	11380	
-4664	-10504	11440	
-4776	-10540	11308	
-4760	-10520	11220	
-4828	-10624	11164	
-4712	-10580	11156	
-4664	-10520	11260	
-4660	-10676	11376	
-4436	-10736	11508	
-4368	-10704	11480	
-4428	-10708	11396	
-4360	-10696	11424	
-4336	-10704	11392	
-4248	-10740	11448	
-4312	-10740	11488	
-4248	-10804	11456	
-4256	-10760	11324	
-4272	-10728	11792	
-4152	-10840	11552	
-4212	-10912	11620	
-4328	-10960	11672	
-4348	-11000	11576	
-4400	-10864	11540	
-4468	-10868	11440	
-4440	-10868	11520	
-4388	-10956	11548	
-4464	-11000	11388	
-4496	-10868	11444	
-4420	-10892	11420	
-4484	-10900	11336	
-4360	-10840	11260	
-4424	-10848	11288	
-4276	-10872	11068	
-4400	-10856	10764	
-4508	-10932	10572	
-4384	-10776	10372	
-4400	-10676	10328	
-4476	-10524	10028	
-4392	-10532	10064	
-4408	-10532	9948	
-4264	-10320	10012	
-3708	-10388	9912	
-3808	-10584	9536	
-4036	-10424	9056	
-3860	-10344	8652	
-3900	-10624	8676	
-4140	-10744	9164	
-4456	-10952	9356	
-4724	-11000	9736	
-4696	-11000	9772	
-4604	-11160	9652	
-4548	-10992	9576	
-4620	-11108	9572	
-4312	-11088	9324	
-4116	-11204	9396	
-3968	-10868	9900	
-3916	-11216	10064	
-3432	-11880	9992	
-3488	-11448	9468	
-3708	-11324	9156	
-3776	-11312	8940	
-3536	-11212	8856	
-3312	-11612	9292	
-3708	-11960	9456	
-4372	-11968	9848	
-4108	-12816	10336	
-3952	-12676	10616	
-3984	-12196	10872	
-4292	-12272	10972	
-4628	-12824	11024	
-3860	-12688	11308	
-2872	-12920	11152	
-3256	-12800	11060	
-3272	-12320	10660	
-2912	-12900	10400	
-2924	-13072	10304	
-3052	-13144	10572	
-3040	-13228	11024	
-3060	-13056	11036	
-2964	-13024	10928	
-2640	-12756	10700	
-2492	-12728	10220	
-2212	-12616	9628	
-2224	-12560	9344	
-2268	-12512	8728	
-2264	-12416	8128	
-2168	-12260	7664	
-1920	-12560	7516	
-1696	-12612	7720	
-1656	-12384	8268	
-1900	-12644	8660	
-2136	-12728	9108	
-2080	-12860	9088	
-2172	-12824	9168	
-2364	-12904	9456	
-2400	-13140	9272	
-2208	-13308	8796	
-2060	-13216	9088	
-2576	-13244	9876	
-3040	-13616	10120	
-2364	-13864	9816	
-2380	-13768	9648	
-2908	-13636	9312	
-1816	-13900	9584	
-2432	-13776	9452	
-2280	-14100	9988	
-2312	-14388	9488	
-2376	-14148	8988	
-2704	-13900	8760	
-2556	-14408	8932	
-3236	-14524	9176	
-2880	-14420	9356	
-2500	-14724	8932	
-2196	-14680	8884	
-2992	-14440	8712	
-1848	-14484	8136	
-1140	-14568	8308	
-2032	-14192	8424	
-1100	-14468	8012	
256	-14292	7660	
-1700	-13912	7228	
88	-14220	6648	
-660	-13992	6812	
-1764	-14136	7344	
-380	-14556	6668	
-1324	-13960	6700	
-1316	-14340	6900	
-1848	-14404	6912	
-1020	-14512	7256	
-1748	-14224	7196	
-616	-14476	6864	
-792	-14876	7096	
-616	-14688	7008	
-956	-14676	6912	
-836	-14416	6920	
-1512	-14520	6412	
-1036	-14888	6360	
-796	-14692	6280	
-1308	-14880	6320	
-120	-14896	6504	
-752	-14884	6376	
-1336	-14748	6596	
1000	-14832	6260	
-584	-14132	5672	
-132	-14432	5780	
300	-14560	5400	
900	-14364	5720	
824	-14636	5572	
56	-14456	5704	
-836	-14744	6040	
296	-14680	5576	
1284	-14456	5948	
-1196	-14648	6140	
-724	-15332	6936	
256	-14760	6776	
276	-15232	6092	
-356	-15144	6000	
116	-15304	6144	
1384	-15556	6204	
-632	-15320	6120	
160	-15564	5608	
1044	-15240	5300	
420	-15096	4708	
440	-15144	4976	
576	-15372	4260	
788	-14684	4240	
1060	-15084	4276	
1116	-15220	4440	
-72	-15144	4764	
852	-15740	5192	
392	-15404	5428	
412	-15320	5404	
-200	-15952	5480	
1196	-15544	5264	
720	-15432	4512	
856	-15720	4380	
772	-15612	4020	
1836	-15180	3512	
1584	-15212	3320	
976	-15492	3772	
1768	-15532	3648	
1472	-15048	3132	
1476	-15256	3328	
624	-15808	3868	
-324	-15884	4160	
244	-15940	4196	
1156	-15572	4068	
144	-16148	3708	
1588	-15896	3804	
796	-16276	4140	
132	-16712	3580	
1712	-15692	3012	
1180	-16744	3060	
876	-15852	3576	
1488	-16660	3360	
1668	-14900	2916	
2648	-16400	2532	
2236	-15620	1812	
3060	-15100	2104	
2484	-15200	2176	
392	-15212	2320	
2436	-15892	2656	
2016	-15632	3532	
-420	-15932	3292	
2340	-15220	2636	
1820	-15504	1940	
2592	-15052	1520	
3364	-15248	1540	
688	-15740	1824	
1476	-15624	2240	
1912	-15912	2332	
1352	-16096	2884	
948	-16316	3088	
2132	-16624	3408	
2948	-16348	3164	
1376	-16528	2880	
3528	-15988	2464	
3048	-16076	2136	
2872	-16492	2372	
2640	-16112	2360	
2408	-16116	2256	
1952	-16204	2356	
1332	-16172	2176	
1968	-15856	1728	
1004	-16324	1708	
1012	-16220	1592	
1856	-15900	1140	
1548	-16136	788	
1952	-15836	420	
2432	-15988	608	
2068	-16108	880	
1808	-16004	868	
2980	-15460	744	
1988	-16164	1084	
1484	-16460	1560	
2544	-15824	908	
2232	-15976	976	
1672	-16484	1488	
1800	-16592	1840	
2012	-16296	1824	
1704	-16188	1720	
2612	-15832	1452	
2272	-15844	1128	
2296	-15672	748	
2520	-15636	960	
1744	-15892	1096	
2912	-16052	1236	
2648	-15488	860	
2192	-15412	448	
3268	-15596	428	
2808	-15172	108	
2560	-15204	-24	
2708	-15328	-124	
2908	-15536	32	
2576	-15644	108	
2528	-15588	424	
2268	-15644	284	
2956	-15532	316	
1600	-16568	660	
1964	-16096	464	
2956	-15832	80	
2596	-16016	-332	
3368	-15804	-280	
2924	-15652	-488	
3132	-15572	-444	
2940	-15692	-84	
3004	-15904	-208	
3488	-16040	-788	
3360	-15788	-916	
2948	-15792	-1288	
2416	-16408	-728	
2536	-16332	-548	
2640	-16516	-180	
2652	-15696	-332	
2316	-16076	-324	
2744	-16408	92	
2712	-16236	-216	
3076	-15800	-428	
3592	-15868	-316	
3032	-15764	-552	
2952	-15736	-248	
2696	-15780	-308	
2832	-15540	-808	
2832	-15152	-992	
2908	-15068	-1036	
2900	-15496	-372	
2332	-15432	-704	
3004	-15224	-496	
2424	-15448	-472	
2796	-15804	-56	
2872	-15608	-76	
3324	-14740	-520	
2472	-15284	-856	
2300	-15696	-656	
2604	-15504	-816	
2556	-15496	-728	
2540	-15572	-992	
2900	-15276	-1272	
2276	-15108	-1616	
2416	-15940	-1156	
2476	-15780	-1036	
2512	-15672	-1056	
2564	-15752	-536	
2492	-15896	-504	
2872	-15800	-312	
3104	-15560	-812	
3236	-15540	-672	
3136	-15368	-1240	
3392	-15616	-1376	
3084	-15924	-1240	
2640	-15876	-1036	
2496	-15972	-1088	
3072	-15516	-1596	
2892	-15604	-1752	
2900	-15576	-1704	
3136	-15324	-1656	
3436	-15288	-1508	
3392	-15480	-1392	
3496	-15536	-1444	
3308	-15688	-1852	
3384	-15824	-1664	
3252	-15800	-1764	
2904	-16000	-1728	
3000	-16108	-1716	
3232	-16028	-1704	
3076	-16004	-1728	
3092	-15944	-2044	
3364	-15616	-2356	
3068	-15412	-2316	
2964	-15376	-2180	
2992	-15376	-2004	
2996	-15612	-1804	
2824	-15732	-1720	
2940	-15620	-1760	
3128	-15432	-1820	
3120	-15536	-1860	
3308	-15416	-1848	
3284	-15708	-1440	
3068	-15920	-1340	
2996	-15736	-1460	
3168	-15680	-1684	
3564	-15120	-2016	
3228	-15256	-2044	
3020	-15208	-1700	
2796	-15428	-2200	
3148	-15428	-1716	
3268	-15368	-1752	
3388	-15392	-1960	
3180	-15204	-2100	
3212	-15212	-1792	
2880	-15572	-1604	
2936	-15704	-1860	
3216	-15424	-1964	
3172	-15440	-2116	
3420	-15480	-2368	
3564	-15248	-2588	
3244	-15312	-2628	
3304	-15476	-2376	
3376	-15768	-2044	
3212	-15708	-1984	
3208	-15820	-1872	
2944	-15756	-1992	
3080	-15696	-2204	
3252	-15604	-2252	
3260	-15488	-2384	
3356	-15528	-2448	
3124	-15732	-1948	
2952	-15860	-2208	
3164	-15948	-2256	
3180	-15892	-2208	
3088	-15776	-2488	
3296	-15700	-2488	
3224	-15700	-2648	
3112	-15548	-2828	
2552	-15136	-3316	
4416	-15784	-2232	
2256	-15612	-2808	
3312	-16072	-2400	
2904	-15912	-2332	
2840	-16352	-1876	
3180	-15836	-2372	
3792	-15784	-2584	
2960	-15464	-3072	
3812	-15596	-2608	
3196	-15504	-2756	
3248	-15480	-2708	
3212	-15668	-2324	
3060	-15792	-2200	
3112	-15900	-2412	
3040	-15616	-2960	
3256	-15396	-2632	
3012	-15592	-2520	
3336	-15432	-2520	
3144	-15536	-2624	
3308	-15288	-3036	
3432	-15376	-2936	
3420	-15332	-2912	
3444	-15564	-2920	
3632	-15772	-2744	
3236	-15896	-2432	
3040	-16036	-2268	
3680	-15972	-2284	
3636	-15968	-2388	
3264	-15908	-2484	
3552	-15876	-2456	
3580	-15476	-2568	
3444	-15416	-2836	
3580	-15300	-2748	
3572	-15320	-2936	
3284	-15332	-3176	
3472	-15400	-2944	
3232	-15528	-2632	
2880	-15428	-3092	
3172	-15456	-3104	
3336	-15444	-3112	
3376	-15396	-3208	
3436	-15404	-3236	
3532	-15360	-3192	
3676	-15328	-3072	
3592	-15348	-2820	
3428	-15332	-2552	
3412	-15412	-2476	
3320	-15548	-2736	
3584	-15612	-2344	
2908	-15728	-2292	
3348	-15440	-2940	
3388	-15216	-3212	
3180	-14996	-3408	
3440	-15212	-3148	
3380	-14988	-3496	
4044	-15016	-3524	
3388	-15036	-3736	
3264	-15476	-2936	
3128	-15468	-3116	
2860	-15748	-3160	
2748	-16188	-2884	
3500	-16184	-2608	
3508	-15700	-2908	
3552	-15568	-2748	
3560	-15268	-2892	
3896	-15364	-3236	
3464	-15296	-3488	
3560	-15288	-3476	
3084	-15528	-3388	
3100	-15308	-3188	
3620	-15536	-3024	
2920	-15084	-3428	
3308	-15200	-3156	
3216	-15116	-3364	
3376	-15332	-3404	
3188	-15332	-3352	
3164	-15576	-2936	
3140	-15484	-2808	
3304	-15688	-3132	
3520	-15288	-3436	
3080	-15716	-3012	
3228	-15600	-3056	
3472	-15664	-2836	
3464	-15456	-2684	
2856	-15656	-3116	
2996	-15592	-3244	
3212	-15372	-3396	
3140	-15368	-3264	
3252	-15508	-3684	
3156	-15080	-3788	
3120	-15092	-4024	
3620	-15372	-3608	
2912	-15384	-3644	
3252	-15660	-3424	
3652	-15652	-3256	
4244	-15540	-3356	
3724	-15772	-3568	
3432	-15812	-3504	
3212	-15636	-3668	
2968	-15172	-3844	
2924	-14920	-3788	
2908	-14968	-3652	
3280	-14892	-3856	
3460	-14996	-3632	
3748	-14964	-4028	
3312	-15424	-3696	
3064	-15504	-3880	
3192	-15420	-3808	
3764	-15660	-3352	
3224	-15472	-3500	
3688	-15644	-3340	
3456	-15648	-3368	
3428	-15104	-3352	
2952	-15384	-3648	
3252	-15396	-3656	
3468	-15264	-3752	
3272	-15620	-3420	
2940	-15968	-3316	
3392	-15564	-3292	
2904	-15816	-3588	
3028	-15940	-3568	
3256	-15996	-3176	
3336	-15708	-3456	
3720	-15552	-3680	
3836	-15612	-3836	
3496	-15660	-3664	
3172	-15784	-3284	
2824	-15648	-3380	
2888	-15344	-3664	
3072	-15084	-3656	
3024	-14780	-4252	
3576	-14708	-4084	
3292	-14928	-3824	
3216	-15140	-3504	
3244	-15260	-3716	
3244	-15248	-3776	
3264	-15376	-3664	
3300	-15244	-3852	
3276	-15148	-3804	
3228	-15200	-3728	
3196	-15384	-3636	
3316	-15376	-3712	
3444	-15060	-3988	
3072	-15040	-4320	
3092	-15204	-4100	
3476	-15436	-3840	
3304	-15396	-4060	
3380	-15476	-3968	
3364	-15444	-3948	
3304	-15560	-3796	
3212	-15616	-3828	
3112	-15684	-3716	
3196	-15628	-3636	
3236	-15556	-4020	
3092	-15776	-3724	
3184	-15332	-3864	
3604	-15468	-3208	
3152	-15188	-3956	
3648	-15244	-3476	
3300	-15200	-3612	
3388	-15192	-3708	
3376	-15168	-3860	
3172	-15172	-3868	
3156	-15416	-3444	
3228	-15520	-3376	
3288	-15664	-3372	
3292	-15652	-3572	
3164	-15380	-3856	
3416	-15340	-3784	
3148	-15164	-3760	
3180	-15008	-3748	
3196	-14856	-4012	
3300	-14852	-4024	
3300	-14668	-4104	
3172	-14616	-4128	
3108	-14696	-3900	
3036	-14880	-3864	
3036	-15112	-3844	
3148	-14956	-3656	
3028	-15136	-3716	
3136	-15092	-3692	
3272	-15208	-3600	
3200	-15144	-3792	
3352	-14996	-3748	
3304	-15160	-3872	
3172	-15112	-3828	
3264	-15128	-3804	
3016	-15116	-3788	
3036	-15220	-3768	
3140	-15160	-3808	
3168	-15200	-3788	
3096	-15364	-3768	
3232	-15528	-3812	
3132	-15528	-3828	
3152	-15536	-3808	
3224	-15500	-3916	
3332	-15564	-3924	
3196	-15504	-4100	
3188	-15472	-3976	
3524	-15384	-4060	
3248	-15524	-4124	
3168	-15592	-4040	
3272	-15620	-3956	
3336	-15444	-3992	
3304	-15332	-3844	
3564	-15332	-3824	
3304	-15356	-3724	
3432	-15568	-3696	
3364	-15588	-3468	
3328	-15616	-3628	
3368	-15620	-3616	
3332	-15684	-3836	
3420	-15596	-3968	
3560	-15384	-3888	
3408	-15300	-3808	
3420	-15168	-3820	
3396	-15236	-3824	
3384	-15216	-3880	
3300	-15332	-3672	
3300	-15544	-3528	
2984	-15652	-3208	
3040	-15856	-3208	
3048	-15760	-3236	
3240	-15840	-3056	
3276	-15736	-3256	
2968	-15752	-3448	
2872	-15944	-3044	
3668	-15556	-2912	
3244	-15580	-3168	
3416	-15648	-2992	
3436	-15468	-2988	
3060	-15560	-3084	
2944	-15724	-2820	
3332	-15784	-2568	
3152	-15832	-2524	
3212	-15672	-2400	
3304	-15824	-2180	
2900	-15812	-2092	
3072	-15992	-2032	
3104	-15924	-1932	
3020	-16080	-1664	
2912	-16036	-1564	
2856	-16104	-1392	
2228	-15760	-692	
616	-16260	1768	
1512	-15604	1780	
2456	-16412	1508	
1992	-17212	1468	
2780	-16700	-184	
5824	-17168	-496	
2184	-17684	-628	
2856	-18092	-644	
4080	-17892	-316	
3320	-18072	-372	
2924	-17532	-1108	
3840	-16464	-2456	
4188	-15644	-3552	
3744	-15196	-4628	
3360	-14388	-5304	
3332	-14128	-6128	
3216	-13624	-6328	
3064	-13316	-6284	
3372	-13172	-6428	
2556	-13292	-6160	
2520	-13320	-5656	
2684	-13508	-4876	
3028	-13736	-4120	
2736	-14068	-3584	
2332	-14352	-2916	
2168	-14824	-2376	
2512	-14996	-1976	
2476	-15180	-1728	
2936	-15376	-1652	
2688	-15552	-1424	
2672	-15596	-1264	
2440	-15588	-1188	
2600	-15692	-984	
2548	-15760	-764	
2524	-15952	-488	
2424	-15968	-256	
2320	-16228	-140	
2300	-16400	316	
2152	-16592	520	
2024	-16816	704	
2412	-16916	852	
2324	-17052	932	
2168	-17120	1168	
2284	-17264	980	
2024	-17156	828	
2256	-17220	740	
2500	-17284	728	
2304	-17172	828	
2128	-17224	1000	
1988	-17272	1440	
1864	-17092	1832	
1188	-17172	2412	
1084	-16896	2900	
1108	-16672	3628	
1264	-16488	3432	
1572	-16280	3036	
1912	-16120	2352	
2212	-15916	1472	
2676	-15696	956	
2660	-15784	156	
2604	-15664	-52	
2880	-15884	-288	
2252	-15920	180	
2000	-16072	108	
1640	-16256	292	
2560	-15976	276	
2508	-16456	292	
2204	-16140	436	
2864	-16024	504	
2704	-16040	688	
2628	-15788	452	
3124	-15620	352	
2784	-15672	272	
2740	-15508	432	
2476	-15224	160	
2632	-14956	52	
2492	-14736	-96	
2236	-14640	124	
1940	-14580	164	
1760	-14548	80	
2020	-14112	464	
1376	-14564	1072	
704	-14828	1864	
1064	-14664	2184	
1548	-14920	2060	
1680	-15260	2132	
1440	-15240	2032	
1824	-15152	2160	
1792	-15348	2344	
1732	-15420	2624	
1296	-15636	3060	
1300	-15652	3760	
820	-15708	4328	
524	-15692	4592	
164	-15456	4512	
720	-15548	4976	
440	-15724	5128	
412	-15436	5324	
332	-15452	5260	
620	-15472	5220	
336	-15784	5280	
812	-15516	5240	
1620	-15668	5356	
156	-15532	5036	
436	-15312	5320	
372	-15316	5736	
-400	-16032	5972	
268	-15680	6176	
256	-15420	6344	
-84	-15988	6788	
-1004	-15804	6480	
344	-15580	6500	
-232	-15940	6208	
720	-15552	6620	
468	-15948	6176	
396	-15148	5836	
1088	-15132	4928	
1948	-15632	4824	
992	-14944	4564	
288	-15232	4436	
468	-14976	4684	
460	-14732	4564	
16	-14648	4916	
-268	-14964	5116	
-228	-14828	5008	
268	-14468	5312	
-452	-14792	4980	
704	-14212	4228	
16	-14448	4468	
248	-15036	5088	
-16	-14028	5568	
-352	-15348	5832	
-1644	-14064	6272	
-1688	-15016	6500	
-1632	-14724	7092	
-1856	-14660	6568	
-1216	-15005	-515	
-1560	-15044	6337	
-1560	-15044	6337	
-1560	-15044	6337	
-1560	-15044	6337	
-1560	-15044	6337	
-1560	-15044	6337	
-1560	-15044	6337	